 3116.58  7430.11 14004.00 14004.00 14004.00 14004.00 14004.00 14004.00 14004.00  7430.11 14004.00 14004.00 14004.00 14004.00 14004.00 14004.00 14004.00 14004.00 14004.00 14004.00 14004.00 14004.00 14004.00 14004.00  6651.59 14000.04 14000.04 14000.04 14001.57 14000.04 14000.04 14000.04 14000.04 14001.57 14000.04  3948.14  2502.84 14001.57  1923.99  3948.14 14001.57  3948.14 14001.57  2502.84 14001.57
14003.01  3181.43 14003.01  3181.43 14003.01 14003.01 14003.01 14003.01 14003.01 14003.01 14001.85 14003.01 14001.85 14001.85 14001.85 14001.85 14001.85 14003.01  2726.67 14003.01 14003.01 14003.01 14003.01 14003.01 14003.01 14001.10 14001.10 14001.10 14001.10 14001.10 14003.01 14003.01 14003.01 14003.01 14003.01  2267.94 14000.15 14000.15  5638.29 14000.15 14000.15  5638.29   355.23 14000.15 14000.15
14003.17  8775.68 14003.17 14003.17 14003.17 14003.17 14003.17 14003.17 14003.17 14003.17 14000.74  6175.70 14001.10 14000.74 14001.10 14000.74 14000.74 14003.17 14003.17 14003.17 14003.17 14003.17 14003.17 14003.17 14000.74 14001.10 14000.62 14001.10 14000.62 14000.62 14001.10 14000.74 14001.10 14000.74 14000.74 14001.10  1415.35 14001.10 14001.10 14001.10  2508.70   959.89 14001.10 14001.10  2508.70
14003.02 14003.02 14003.02 14003.02 14001.72 14003.02 14001.72 14003.02 14003.02  2137.77 11782.63  2137.77 14003.02 14000.65 14003.02 14000.65 14000.65 11782.63  1714.40 14003.02 14000.65 14003.02 14000.65 14000.65 11782.63 14003.02 14000.65 14003.02 14000.65 14000.65 14003.02 14000.65 14003.02 14000.65 14000.65 14003.02  8964.71 14003.02 14003.02 14003.02  3092.01 14000.47 14003.02 14003.02 14000.47
 1548.60  7240.74  1446.91 14007.98 14007.98 14007.98 14007.98 14007.98 14007.98  7240.74  1548.60 14007.98 14007.98 14007.98 14007.98 14007.98 14007.98  7240.74 14007.98 14007.98 14007.98 14007.98 14007.98 14007.98 14007.98 14007.98 14007.98 14007.98 14007.98 14007.98 14000.65 14000.65 14000.65 14000.65 14000.65 13726.16 14000.49 14000.49 14000.49 14000.49 14000.49 14000.49   493.15  2375.18  2375.18
 1403.61 14001.07 11850.58 14001.07 14000.10 14001.07 14000.10 14000.10 14000.10 14001.07 11850.58 14001.07 14000.10 14001.07 14000.10 14000.10 14000.10 14001.07 12245.14 14001.07 14000.12 14001.07 14001.07 14001.07 14001.07 14000.10 14001.07 14000.10 14000.10 14000.10 14001.07 14000.12 14001.07 14001.07 14001.07 14001.07  5993.30   712.54  5993.30 14001.07 14001.07 14001.07  5993.30  1423.69  5993.30
14001.57 13723.50 14001.57 14001.57 14001.89 14001.89 14001.89 14001.89 14001.89 14001.57 14000.70 14000.70 14001.89 14001.89 14001.89 14001.89 14001.89 14001.57 14001.57 14001.89 14001.89 14001.89 14001.89 14001.89  2176.27 14001.89 14001.89 14001.89 14001.89 14001.89 14001.89 14001.89 14001.89 14001.89 14001.89 14001.18 14001.18 14001.18 14001.18  1216.98  5272.46   339.57  5272.46  1216.98  5272.46
 5004.56  5004.56 14001.36  5016.77 14000.06 14000.06 14000.06 14000.06 14001.36   723.52 14001.36  5016.77 14000.06 14000.06 14000.06 14000.06 14001.36 14001.36  5016.77 14000.06 14000.06 14000.06 14000.06 14001.36 14001.36 14001.36 14001.36 14001.36 14001.36 14000.73 14000.06 14000.06 14000.06 14000.06 14001.36 13531.44 11761.53 11761.53 14001.36 13531.44 13531.44 14001.36  3191.94 14001.36 14001.36
13007.66  4592.58 10859.35 14001.12 14001.91 14001.91 14001.91 14001.91 14001.91 13007.66 13007.66 14001.12 14001.91 14001.91 14001.91 14001.91 14001.91 10859.35 14001.12 14001.91 14001.91 14001.91 14001.91 14001.91 14001.12 14001.91 14001.91 14001.91 14001.91 14001.91 14001.91 14001.91 14001.91 14001.91 14001.91  7847.37  1630.27  3001.88   876.38  7847.37  7847.37  7847.37  3001.88  1630.27  3001.88
14000.87 14000.87  1512.66 14000.87 14000.11 14000.11 14000.11 14000.87 14000.11  5209.08 14000.87  9746.14 14000.87 14000.87 14000.87 14000.37 14000.87 14000.87  9746.14 14000.87 14000.87 14000.87 14000.37 14000.87 14000.87 14000.11 14000.11 14000.11 14000.87 14000.11 14000.87 14000.87 14000.87 14000.37 14000.87 12210.89 12210.89 14000.87  6015.35  6476.75 14000.87 12210.89 14000.87 12210.89 14000.87
