3 12
4
4
4


11767.54 11767.54 11767.54 14000.77 14000.77 14000.77 14000.77 14000.77 14001.74 14000.77 14000.77  5463.54  4496.16 14000.77 14000.77 14000.77 14000.77 14000.77 14001.74 14000.77 14000.77  5463.54 14000.77 14000.77 14000.77 14000.77 14000.77 14001.74 14000.77 14000.77 14000.77 14000.77 14000.77 14000.77 14000.77 14001.74 14000.77 14000.77 14000.34  7867.81  7867.81 14000.45 14001.74 14000.45 14000.45 14000.34 14000.34 14000.45 14001.74 14000.45 14000.45   499.03 14000.45 14001.74 14000.45 14000.45 14000.45 14001.74 14000.45 14000.45 14001.74  1230.25  6651.49 14001.74 14001.74  6651.49
14000.48 14003.54 14000.48 14003.54 14003.54 14003.54 14003.54 14000.48 14003.54 14003.54 14003.54 14003.54  9424.98 14003.54 14003.54 14003.54 14003.54 11573.11 14003.54 14003.54 14003.54 14003.54 14000.34 14000.34 14000.34 14000.34 14003.54 11005.02 10752.60 10752.60 14003.54 14003.54 14003.54 14003.54 11573.11 14003.54 14003.54 14003.54  4754.82  2850.99  4754.82 14003.54 14000.34 14000.34 14000.34  4754.82  1808.07 14003.54 14000.34 14000.34 14000.34  4754.82 14003.54 14000.34 14000.34 14000.34 14003.54 14000.34 14000.34 14000.34 14003.54 14003.54 14003.54 11005.02 11005.02  4256.78
   -1.00    -1.00    -1.00    -1.00    -1.00    -1.00    -1.00    -1.00    -1.00    -1.00    -1.00 14000.61    -1.00 14000.51 14000.51 14000.51    -1.00 14000.10    -1.00 14000.61 14000.61    -1.00 14000.61 14000.61 14000.61    -1.00 14000.61    -1.00 14000.16 14000.16    -1.00    -1.00    -1.00    -1.00    -1.00    -1.00    -1.00    -1.00  8044.99  8044.99    -1.00 14000.51    -1.00 14000.61 14000.61  4070.00    -1.00 14000.51    -1.00 14000.61 14000.61    -1.00 14000.51    -1.00 14000.61 14000.61    -1.00    -1.00    -1.00    -1.00    -1.00 14000.61 14000.61    -1.00    -1.00   876.68
  185.00  3434.03 14002.44 14000.15 14002.44 14001.14 14000.15 14001.14 14001.14 14001.14 14001.14  3434.03 14002.44 14000.15 14002.44 14001.14 14000.15 14001.14 14001.14 14001.14 14001.14 14002.44 14000.15 14002.44 14001.14 14000.15 14001.14 14001.14 14001.14 14001.14 14002.44 14000.80 14002.44 14002.44 14002.44 14002.44 14002.44 14002.44 14002.44 14001.14  4176.46 14001.14 14001.14 14001.14 14001.14 14002.44 14002.44 14002.44 14002.44 14002.44 14002.44 14001.14 14000.34 14000.34 14000.34 14000.34 14001.14 14001.14 14001.14 14001.14  2745.32  9365.12  1327.38  9365.12  2745.32  9365.12
12995.98 12995.98 14000.92 14000.92 14000.92 14001.60 14000.92    -1.00 14000.35 14000.35 14001.60  1757.06 14000.92 14000.92 14000.92 14001.60 14000.92    -1.00 14000.35 14000.35 14001.60 14000.92 14000.92 14000.92 14001.60 14000.92    -1.00 14000.35 14000.35 14001.60 14000.55 14000.55 14001.60 14000.55    -1.00 14000.92 14000.92 14001.60  1968.86 14001.60 10111.82    -1.00 14000.92 14000.92 14001.60 14001.60 10111.82    -1.00 14000.92 14000.92 14001.60 14001.60    -1.00 14001.60 14001.60 14000.16    -1.00 14000.92 14000.92 14001.60    -1.00    -1.00    -1.00  4714.38 14001.60 14001.60
 8094.51  8094.51 13139.09 14001.10 14001.10    -1.00 14001.10 14004.05 14004.05 14004.05 14001.10  2190.09 13139.09 14001.10 14001.10    -1.00 14001.10 14004.05 14004.05 14004.05 14001.10 13139.09 14001.10 14001.10    -1.00 14001.10 14004.05 14004.05 14004.05 14001.10 14001.10 14001.10    -1.00 14001.10 14004.05 14004.05 14004.05 14001.10 14000.49    -1.00  2312.58 14004.05 14004.05 14004.05 14001.04    -1.00 14000.49 14004.05 14004.05 14004.05 14001.04    -1.00    -1.00    -1.00    -1.00    -1.00 14004.05 14004.05 14004.05 14001.04  5308.77   242.13 14004.05  5308.77 14004.05 14004.05
14000.31  9898.53 14000.30 14000.30 14002.78 14000.30 14002.78 14000.30 14000.30 14000.30 14000.30 14000.31 14000.31 14000.31 14002.78 14000.31 14002.78 14000.31 14000.31 14000.31 14000.31 14000.30 14000.30 14002.78 14000.30 14002.78 14000.30 14000.30 14000.30 14000.30 14000.21 14002.78 14000.21 14002.78 14000.10 14000.10 14000.10 12873.90 14002.78  1217.23 14002.78 14000.21 14000.21 14000.21 14000.21 14002.78 14001.45 14002.78 14002.78 14002.78 14002.78 14002.78 14000.21 14000.21 14000.21 14000.21 14002.78 14002.78 14002.78 14002.78 12049.46  4813.81 14000.10 12049.46 14000.10 14000.10
 6965.96    -1.00  4728.11 14000.14 14001.24 14000.14 14002.96 14001.24 12982.76 14000.14 14000.14    -1.00  6965.96 14000.14 14001.24 14000.14 14002.96 14001.24 12982.76 14000.14 14000.14    -1.00    -1.00    -1.00    -1.00    -1.00    -1.00    -1.00    -1.00    -1.00 14000.14 14001.24 14000.14 14002.96 14001.24 12982.76 14000.14 14000.14 14001.24  5085.18 14002.96 14001.24 14000.14 14000.08 14000.09 14001.24 14002.96 14000.40 14001.24 14001.24 14001.24 14002.96 14001.24 14000.14 14000.08 14000.09 14002.96 14002.96 14002.96 14002.96 14001.24 14001.24 14001.24 14000.14 14000.14 14000.09
  354.47   336.07 14000.37 14000.61 14000.61 14000.61 14000.61 14005.32 14005.32 14000.83 14005.32   354.47 14000.37 14000.61 14000.61 14000.61 14000.61 14005.32 14005.32 14000.83 14005.32 14000.37 14000.61 14000.61 14000.61 14000.61 14005.32 14005.32 14000.83 14005.32 14000.61 14000.61 14000.61 14000.61 14005.32 14005.32 14000.83 14005.32   629.11  4677.92  4677.92 14005.32 14005.32 14000.83 14005.32  4677.92  4677.92 14005.32 14005.32 14000.83 14005.32  2992.02 14005.32 14005.32 14000.83 14005.32 14005.32 14005.32 14000.83 14005.32  7063.56 14005.32  7063.56 14005.32  5060.34 14005.32
14000.10 14000.65 14000.65    -1.00 14002.23 14000.65 14000.65 13966.72 13966.72 13966.72 13629.60 14000.65 14000.65    -1.00 14002.23 14000.65 14000.65 14000.10 14000.10 14000.10 14000.10   637.00    -1.00 14002.23 14000.43 14000.43 14000.65 14000.65 14000.65 14000.65    -1.00 14002.23 14000.43 14000.43 14000.65 14000.65 14000.65 14000.65    -1.00    -1.00    -1.00    -1.00    -1.00    -1.00    -1.00 14002.23 14002.23 14002.23 14002.23 14002.23 14002.23  4847.46 14000.65 14000.65 14000.65 14000.65 14000.65 14000.65 14000.65 14000.65 10488.70 10488.70 13966.72  9976.78 13966.72 13966.72
