2 10
5
5


   -1.00 14298.57 14298.57 14298.57 20007.18 20007.18 20007.18 20007.18 20007.18    -1.00    -1.00    -1.00    -1.00    -1.00    -1.00    -1.00    -1.00  5983.91  5434.70 20007.18 20007.18 20007.18 20007.18 20007.18  5983.91 20007.18 20007.18 20007.18 20007.18 20007.18 20007.18 20007.18 20007.18 20007.18 20007.18 20000.03 20000.03 20000.03 20000.03 13505.14 13505.14 13505.14 11243.65 11243.65  4925.98
   -1.00  3425.39 13982.82 13982.82 20003.65 20003.65 20003.65 20003.65 20003.65    -1.00    -1.00    -1.00    -1.00    -1.00    -1.00    -1.00    -1.00 13982.82 13982.82 20003.65 20003.65 20003.65 20003.65 20003.65  8641.02 20003.65 20003.65 20003.65 20003.65 20003.65 20003.65 20003.65 20003.65 20003.65 20003.65  2103.08 18058.78 20000.15  1884.65 18058.78 20000.15  2103.08 20000.15 18058.78 20000.15
 3573.69 13947.36  7325.13   506.67 20000.16 20000.16 20000.16 20000.79 20000.16 13947.36  7325.13  3573.69 20000.16 20000.16 20000.16 20000.79 20000.16 13947.36 13947.36 20000.16 20000.16 20000.16 20000.79 20000.16  7325.13 20000.16 20000.16 20000.16 20000.79 20000.16 20000.16 20000.16 20000.16 20000.79 20000.16 10261.33 17922.28 20000.79  4242.80 17922.28 20000.79 10261.33 20000.79 17922.28 20000.79
  664.62 13813.86  2638.13  2606.24 20003.52 20003.52 20003.52 20000.01 20003.52 13813.86  2638.13  2606.24 20003.52 20003.52 20003.52 20000.01 20003.52 13813.86 13813.86 20003.52 20003.52 20003.52 20000.01 20003.52  2638.13 20003.52 20003.52 20003.52 20000.01 20003.52 20003.52 20003.52 20003.52 20000.01 20003.52 20001.12 20001.12 20003.52 20001.12 20000.21 20003.52  1597.41 20003.52 20000.21 20003.52
17916.06    95.98  2778.28 20001.32 20001.29 20001.52    -1.00 20001.29 20001.52 17916.06 17916.06 20001.32 20001.29 20001.52    -1.00 20001.29 20001.52  2778.28 20001.32 20001.29 20001.52    -1.00 20001.29 20001.52 20001.32 20001.29 20001.52    -1.00 20001.29 20001.52 20001.32 20001.52    -1.00 20001.32 20001.52 20001.52    -1.00 11879.13 20001.52    -1.00 20001.52  2937.30    -1.00    -1.00 20001.52
 1443.92 20000.99 20000.99 20000.99 20001.59 20001.59 20000.99 20000.99 20001.59 20000.99 20000.99 20000.99 20001.59 20001.59 20000.99 20000.99 20001.59  8549.48  6163.90 20001.59 20001.59 20000.78 20000.78 20001.59  8549.48 20001.59 20001.59 20000.78 20000.78 20001.59 20001.59 20001.59 20000.78 20000.78 20001.59 20000.24 20001.59 20001.59 20000.24 20001.59 20001.59  2349.94  2634.74 20001.59 20001.59
   -1.00  4651.58  4651.58 20001.56 20000.07    -1.00 20000.07 20000.07 20000.07    -1.00    -1.00    -1.00    -1.00    -1.00    -1.00    -1.00    -1.00  3498.33 20001.56 20000.07    -1.00 20000.07 20000.07 20000.07 20001.56 20000.07    -1.00 20000.07 20000.07 20000.07 20001.56    -1.00 20001.56 20001.56 20001.56    -1.00 13550.71 16428.87 13550.71    -1.00    -1.00    -1.00 16428.87 10410.25 16428.87
20000.40 20000.40  3431.93 20000.40 20000.98 20000.98 20000.98 20000.98    -1.00  7469.92 20000.40 11540.61 20000.98 20000.98 20000.98 20000.98    -1.00 20000.40 11540.61 20000.98 20000.98 20000.98 20000.98    -1.00 20000.40 20000.98 20000.98 20000.98 20000.98    -1.00 20000.98 20000.98 20000.98 20000.98    -1.00 16865.66  4151.67  3502.53    -1.00 16865.66 16865.66    -1.00  4151.67    -1.00    -1.00
   -1.00    -1.00    -1.00    -1.00    -1.00    -1.00    -1.00    -1.00    -1.00  1614.61  4197.00 15808.92 20002.44    -1.00 20002.44 20002.44    -1.00  4197.00 15808.92 20002.44    -1.00 20002.44 20002.44    -1.00 15808.92 20002.44    -1.00 20002.44 20002.44    -1.00 20002.44    -1.00 20002.44 20002.44    -1.00    -1.00 20000.48  5337.83    -1.00    -1.00    -1.00    -1.00 20000.48    -1.00    -1.00
20001.46 20001.46    -1.00  7653.30 20001.46    -1.00 20001.46 20001.46 20001.46  8251.31    -1.00 20001.46 20000.44    -1.00 20000.44 20000.44 20000.44    -1.00 20001.46 20000.44    -1.00 20000.44 20000.44 20000.44    -1.00    -1.00    -1.00    -1.00    -1.00    -1.00 20001.46    -1.00 20001.46 20001.46 20001.46    -1.00 10908.29  8174.90  3641.28    -1.00    -1.00    -1.00 10908.29 10908.29  8174.90
 3614.96  3614.96    -1.00  9537.98    -1.00 20001.69 20001.69 20003.86 20001.69  3560.18    -1.00  9537.98    -1.00 20001.69 20001.69 20003.86 20001.69    -1.00  9537.98    -1.00 20001.69 20001.69 20003.86 20001.69    -1.00    -1.00    -1.00    -1.00    -1.00    -1.00    -1.00 20001.69 20001.69 20003.86 20001.69    -1.00    -1.00    -1.00    -1.00 10018.00 20003.86 13580.08 20003.86 13580.08 20003.86
20000.41 20000.41 20000.41 20000.41 20000.11 20000.11 20000.11 20000.11 20001.39   669.82   559.44  5882.10 20000.41 20000.41 20000.41 20000.41 20001.39   669.82  5882.10 20000.41 20000.41 20000.41 20000.41 20001.39  5882.10 20000.41 20000.41 20000.41 20000.41 20001.39 20000.41 20000.41 20000.41 20000.41 20001.39  6404.26  8194.98  8194.98 20001.39  8194.98  8194.98 20001.39  6918.52 20001.39 20001.39
12220.74  4313.22  1043.42 12220.74 20001.96 20001.96 20001.96 20001.96 20001.96 12220.74 12220.74  1110.70 20001.96 20001.96 20001.96 20001.96 20001.96  4313.22 12220.74 20001.96 20001.96 20001.96 20001.96 20001.96 12220.74 20001.96 20001.96 20001.96 20001.96 20001.96 20001.96 20001.96 20001.96 20001.96 20001.96 15543.43 15543.43 12430.27  5037.48   231.79 15543.43 15543.43 15543.43 15543.43 12430.27
20001.51 10151.08   396.40 20001.51 20001.51 20001.51 20001.51 20001.51 20001.51 20001.51 20001.51  3602.01 20000.79 20000.79 20000.79 20000.79 20000.79 10151.08 20001.51 20001.51 20001.51 20001.51 20001.51 20001.51 20001.51 20001.51 20001.51 20001.51 20001.51 20001.51 20000.79 20000.79 20000.79 20000.79 20000.79 15095.09 15095.09 14642.35  1992.64  1760.49 15095.09 15095.09 15095.09 15095.09 14642.35
 8003.49  4468.28  4468.28  4468.28 20002.54 20005.75 20005.75 20005.75 20005.75  8003.49  8003.49  8003.49 20002.54 20005.75 20005.75 20005.75 20005.75  4142.27  4142.27 20002.54 20005.75 20005.75 20005.75 20005.75  1692.22 20002.54 20005.75 20005.75 20005.75 20005.75 20002.54 20005.75 20005.75 20005.75 20005.75 20005.75 20005.75 20005.75 20005.75  1078.09 12719.94 12719.94 12719.94 12719.94  1625.34
 8890.11  4938.19    -1.00 19805.82 20003.09 20000.52 20003.09 20003.09 20000.52  8890.11    -1.00 19805.82 20003.09 20000.52 20003.09 20003.09 20000.52    -1.00 19805.82 20003.09 20000.52 20003.09 20003.09 20000.52    -1.00    -1.00    -1.00    -1.00    -1.00    -1.00 20003.09 20000.52 20003.09 20003.09 20000.52 20003.09 10423.61 11009.48 20003.09 20003.09 20003.09  9403.90 11009.48 20003.09 20003.09
 1870.86  9984.11  1870.86  8760.51 20000.56 20000.56    -1.00 20000.56 20000.56  9984.11   469.68  8760.51 20000.56 20000.56    -1.00 20000.56 20000.56  9984.11  9984.11 20000.56 20000.56    -1.00 20000.56 20000.56  8760.51 20000.56 20000.56    -1.00 20000.56 20000.56 20000.56 20000.56    -1.00 20000.56 20000.56  4035.85    -1.00 12907.12 12907.12    -1.00 12907.12 12907.12    -1.00    -1.00   822.13
 8360.56  8360.56  2938.75 20000.47 20000.22 20000.22 20000.47 20000.47 20000.22  2765.47  8360.56 20000.47 20000.22 20000.22 20000.47 20000.47 20000.22  8360.56 20000.47 20000.22 20000.22 20000.47 20000.47 20000.22 20000.47 20000.22 20000.22 20000.47 20000.47 20000.22 20000.47 20000.47 20000.24 20000.24 20000.47  2213.01 20000.47 20000.47  2213.01 20000.47 20000.47  1700.78   186.26 20000.47 20000.47
   -1.00  7031.84  7031.84 20003.35    -1.00 20000.08 20000.08 20000.08 20000.08    -1.00    -1.00    -1.00    -1.00    -1.00    -1.00    -1.00    -1.00  1751.83 20003.35    -1.00 20000.08 20000.08 20000.08 20000.08 20003.35    -1.00 20000.08 20000.08 20000.08 20000.08    -1.00 20003.35 20003.35 20003.35 20003.35    -1.00    -1.00    -1.00    -1.00  8067.22  1569.87 17112.01  8067.22 17112.01 17112.01
17106.66 17106.66 17106.66 17106.66 20002.88    -1.00 20000.90 20002.88    -1.00  1749.77  2733.66 16816.46 20002.88    -1.00 20000.90 20002.88    -1.00  2733.66 16816.46 20002.88    -1.00 20000.90 20002.88    -1.00 16816.46 20002.88    -1.00 20000.90 20002.88    -1.00 20002.88    -1.00 20000.90 20002.88    -1.00    -1.00 20002.88  2353.67    -1.00    -1.00    -1.00    -1.00 20002.88    -1.00    -1.00
