 1039.03  5491.27  5491.27 12002.43 12000.86 12000.86 12000.86 12000.86 12000.86  5491.27  5491.27 12002.43 12000.86 12000.86 12000.86 12000.86 12000.86   926.46 12002.43 12000.86 12000.86 12000.86 12000.86 12000.86 12002.43 12000.86 12000.86 12000.86 12000.86 12000.86 12002.43 12002.43 12002.43 12002.43 12002.43  3805.59 12000.24  3805.59  3805.59 12000.24  3378.78  3378.78 12000.24 12000.24  1679.59
  447.19  4788.68  7342.36  4788.68 12004.34 12004.34 12004.34 12000.18 12000.18  4788.68  7342.36  4788.68 12004.34 12004.34 12004.34 12000.18 12000.18  7342.36   596.52 12004.34 12004.34 12004.34 12000.18 12000.18  7342.36 12004.34 12004.34 12004.34 12000.18 12000.18 12004.34 12004.34 12004.34 12000.18 12000.18 12000.39  1321.32 12004.34 12004.34 12000.39 12004.34 12004.34 12004.34 12004.34  2897.08
 8892.00  1201.38  3390.07  8892.00 12004.91 12004.91 12004.91 12004.91 12004.91  8892.00  8892.00  2359.88 12004.91 12004.91 12004.91 12004.91 12004.91  3390.07  8892.00 12004.91 12004.91 12004.91 12004.91 12004.91  8892.00 12004.91 12004.91 12004.91 12004.91 12004.91 12004.91 12004.91 12004.91 12004.91 12004.91   406.52  7636.71  7636.71  7636.71  7636.71  7636.71  7636.71  2344.68  2585.97  2585.97
12000.27  2289.53  5710.13  1628.84 12001.78 12001.78 12001.78 12001.78 12001.78 12000.27 12000.27 12000.27 12001.78 12001.78 12001.78 12001.78 12001.78  5710.13  2289.53 12001.78 12001.78 12001.78 12001.78 12001.78  5710.13 12001.78 12001.78 12001.78 12001.78 12001.78 12001.78 12001.78 12001.78 12001.78 12001.78 10597.46 10597.46 10597.46  9721.35  1859.21  1859.21 10597.46   115.23 10597.46 10597.46
 6015.56 12000.98 12000.98  6015.56 12000.98 12000.98 12000.98 12000.17 12000.17 12000.98 12000.98   161.92 12000.98 12000.98 12000.98 12000.17 12000.17  3133.84 12000.98 12000.13 12000.13 12000.13 12000.98 12000.98 12000.98 12000.13 12000.13 12000.13 12000.98 12000.98 12000.98 12000.98 12000.98 12000.17 12000.17 12000.01 12000.11 12000.98 12000.98 12000.11 12000.98 12000.98 12000.98 12000.98  5859.66
10638.38 10638.38 10638.38 10638.38 12000.48 12000.48 12000.48 12000.48 12000.48  5054.76  5054.76  5054.76 12000.48 12000.48 12000.48 12000.48 12000.48  1312.52  4904.33 12000.48 12000.48 12000.48 12000.48 12000.48  4904.33 12000.48 12000.48 12000.48 12000.48 12000.48 12000.48 12000.48 12000.48 12000.48 12000.48   924.87 12000.36  4151.03 12000.36 12000.36  4151.03 12000.36 12000.36  2943.88 12000.36
 5912.08 12000.84 12000.84 12000.41 12002.01 12001.98 12001.98 12002.01 12002.01 12000.84 12000.84 12000.41 12002.01 12001.98 12001.98 12002.01 12002.01  1466.81 12000.84 12002.01 12001.98 12001.98 12002.01 12002.01 12000.84 12002.01 12001.98 12001.98 12002.01 12002.01 12002.01 12001.98 12001.98 12002.01 12002.01 12002.01 12002.01  2805.98  8917.30 12000.07 12002.01 12002.01 12002.01 12002.01  8917.30
12000.37 12000.37 12000.37 12002.86 12000.26 12000.29 12000.29 12000.26 12000.37 11018.95 11018.95 12002.86 12000.37 12000.37 12000.37 12000.37 12000.00    55.29 12002.86 12000.37 12000.37 12000.37 12000.37 12000.00 12002.86 12000.37 12000.37 12000.37 12000.37 12000.00 12002.86 12002.86 12002.86 12002.86 12002.86 12000.29 12000.29  5450.02 12000.37  3523.61 12000.29 12000.37 12000.29 12000.37 12000.37
 2361.89 12000.24 12003.63  8683.07 12000.24 12001.02 12003.63 12003.63 12000.24 12000.24 12003.63  8683.07 12000.24 12001.02 12003.63 12003.63 12000.24 12003.63 12000.24 12000.09 12001.02 12003.63 12003.63 12000.09 12003.63 12003.63 12003.63 12000.64 12000.64 12003.63 12000.24 12001.02 12003.63 12003.63 12000.24 12001.02 12003.63 12003.63  7203.68 12003.63 12003.63 12001.02   354.90 12003.63 12003.63
12001.33 12001.33 12000.11 12000.11 12001.20 12001.33 12001.20 12001.33 12001.20 12000.32 12001.33 12001.33 12001.33 12000.32 12001.33 12000.12 12001.33 12001.33 12001.33 12001.33 12000.00 12001.33 12000.32 12001.33  2221.57 12001.20 12001.33 12001.20 12001.33 12001.20 12001.20 12001.33 12001.20 12001.33 12001.20 12001.33  9105.98 12001.33   147.12 12001.33 12000.32 12001.33 12001.33  9105.98 12001.33
