2 10
5
5


  850.77   850.77  1652.28 14000.57 14000.60 14002.82    -1.00 14002.82 14000.60   794.47  1652.28 14000.57 14000.60 14002.82    -1.00 14002.82 14000.60  1652.28 14000.57 14000.60 14002.82    -1.00 14002.82 14000.60 14000.57 14000.60 14002.82    -1.00 14002.82 14000.60 14000.60 14002.82    -1.00 14002.82 14000.60 14002.82    -1.00 14002.82 14000.10    -1.00 11326.13 14002.82    -1.00    -1.00 14002.82
14000.18 14000.18    -1.00   607.63 14003.01 14003.01 14003.01    -1.00 14003.01  1519.34    -1.00 14000.18 14003.01 14003.01 14003.01    -1.00 14003.01    -1.00 14000.18 14003.01 14003.01 14003.01    -1.00 14003.01    -1.00    -1.00    -1.00    -1.00    -1.00    -1.00 14003.01 14003.01 14003.01    -1.00 14003.01 13547.44 14001.59    -1.00 14001.59 14001.59    -1.00 14001.59    -1.00  2497.51    -1.00
10439.67 14007.10 10439.67 10439.67 14007.10 14007.10 14007.10    -1.00 14007.10 14007.10  1913.54  5187.37 14007.10 14007.10 14007.10    -1.00 14007.10 14007.10 14007.10 14000.42 14000.42 14000.72    -1.00 14000.42  5187.37 14007.10 14007.10 14007.10    -1.00 14007.10 14007.10 14007.10 14007.10    -1.00 14007.10 12086.62 14000.72    -1.00  8481.68 14000.72    -1.00 12086.62    -1.00 14000.72    -1.00
   -1.00    -1.00    -1.00    -1.00    -1.00    -1.00    -1.00    -1.00    -1.00    -1.00    -1.00    -1.00    -1.00    -1.00    -1.00    -1.00    -1.00 14000.51 14001.91 14000.29 14000.29 14000.29 14009.16    -1.00 14001.91 14000.51 14000.51 14000.51 14009.16    -1.00 14001.91 14001.91 14001.91 14009.16    -1.00  1960.55 12028.31 14009.16    -1.00 12028.31 14009.16    -1.00 14009.16    -1.00    -1.00
14002.78  3443.25    -1.00  6855.93 14002.78 14000.97 14000.97 14002.78 14002.78 14002.78    -1.00 14002.78 14000.81 14002.78 14002.78 14000.81 14000.81    -1.00  6855.93 14002.78 14000.97 14000.97 14002.78 14002.78    -1.00    -1.00    -1.00    -1.00    -1.00    -1.00 14002.78 14000.97 14000.97 14002.78 14002.78 14002.78 14002.78  1259.83  1259.83  3412.05 14002.78 14002.78 14002.78 14002.78    47.77
   -1.00    -1.00    -1.00    -1.00    -1.00    -1.00    -1.00    -1.00    -1.00 14000.95 14000.95 14000.95 14000.12 14001.57 14000.12 14001.57 14000.12 14000.16 14000.16 14000.95 14001.57 14000.95 14001.57 14000.95 14000.15 14000.95 14001.57 14000.95 14001.57 14000.95 14000.95 14001.57 14000.95 14001.57 14000.95 14001.57  1666.26 14001.57   520.05 14001.57 12826.49 14001.57 14001.57  1666.26 14001.57
   -1.00 14001.56 14001.56 14001.56 14000.21 14000.21 14000.21 14000.21 14000.21    -1.00    -1.00    -1.00    -1.00    -1.00    -1.00    -1.00    -1.00 14001.29 14001.29 14001.56 14001.56 14001.56 14001.56 14001.56  1134.85 14001.56 14001.56 14001.56 14001.56 14001.56 14001.56 14001.56 14001.56 14001.56 14001.56 10933.09  2098.03  2098.03 10933.09 10933.09 10933.09  7129.32  1608.92 10933.09 10933.09
10956.45 12515.71 12515.71  8425.85 14000.36 14000.36 14000.36 14000.36 14000.36 12515.71 12515.71 10956.45 14000.36 14000.36 14000.36 14000.36 14000.36  1639.91 12515.71 14000.36 14000.36 14000.36 14000.36 14000.36 12515.71 14000.36 14000.36 14000.36 14000.36 14000.36 14000.36 14000.36 14000.36 14000.36 14000.36  6991.16  6991.16  4732.77  4732.77   185.33  6991.16  6991.16  6991.16  6991.16  1101.50
14001.04 14001.04  5160.39  4102.40 14001.04 14001.96 14001.96 14001.04 14001.04 11588.81 14001.04 14001.04 14000.04 14001.96 14001.96 14000.04 14000.04 14001.04 14001.04 14000.04 14001.96 14001.96 14000.04 14000.04  5160.39 14001.04 14001.96 14001.96 14001.04 14001.04 14001.04 14001.96 14001.96 14001.04 14001.04 14001.96 14001.96 10203.71  9000.44  1951.43 14001.96 14001.96 14001.96 14001.96 10203.71
14000.39 14000.39 14000.39  7823.79    -1.00 14002.47 14002.47 14002.47 14002.47  1848.76   148.09 14000.39    -1.00 14002.47 14002.47 14002.47 14002.47  1848.76 14000.39    -1.00 14002.47 14002.47 14002.47 14002.47 14000.39    -1.00 14002.47 14002.47 14002.47 14002.47    -1.00 14002.47 14002.47 14002.47 14002.47    -1.00    -1.00    -1.00    -1.00  3547.45 14000.12  4470.30 14000.12  4470.30 14000.12
14004.28  2958.85    -1.00 14004.28    -1.00 14004.28 14004.28 14004.28 14000.47 14004.28    -1.00 10104.54    -1.00 14002.58 14002.58 14002.58 14004.28    -1.00 14004.28    -1.00 14004.28 14004.28 14004.28 14000.47    -1.00    -1.00    -1.00    -1.00    -1.00    -1.00    -1.00 14002.58 14002.58 14002.58 14004.28    -1.00    -1.00    -1.00    -1.00  5994.56  5994.56 14004.28  4442.57 14004.28 14004.28
   -1.00    -1.00    -1.00    -1.00    -1.00    -1.00    -1.00    -1.00    -1.00 14006.21 14006.21 14006.21 14006.21 14006.21 14006.21 14006.21 14006.21  5609.46  4150.77 14001.46 14001.46 14001.46 14001.46 14001.46  5609.46 14001.46 14001.46 14001.46 14001.46 14001.46 14001.46 14001.46 14001.46 14001.46 14001.46   820.75  1714.69  2266.03   820.75  1714.69  2266.03   423.53  2266.03  1714.69  2266.03
   -1.00  1233.35  5183.36  1010.77 14000.43 14000.17 14000.17 14007.90 14007.90    -1.00    -1.00    -1.00    -1.00    -1.00    -1.00    -1.00    -1.00  5183.36  1233.35 14000.43 14000.17 14000.17 14007.90 14007.90  5183.36 14000.43 14000.17 14000.17 14007.90 14007.90 14000.43 14000.17 14000.17 14007.90 14007.90 14000.43 14000.43 14007.90 14007.90  3973.66 14007.90 14007.90 14007.90 14007.90  8314.96
   -1.00    -1.00    -1.00    -1.00    -1.00    -1.00    -1.00    -1.00    -1.00 14001.59    -1.00 14001.59 14001.97    -1.00 14001.97 14001.97 14001.59    -1.00  3730.44 14001.97    -1.00 14001.97 14001.97 14000.51    -1.00    -1.00    -1.00    -1.00    -1.00    -1.00 14001.97    -1.00 14001.97 14001.97 14000.51    -1.00  7770.43  7770.43 14001.97    -1.00    -1.00    -1.00   757.80 14001.97 14001.97
   -1.00    -1.00    -1.00    -1.00    -1.00    -1.00    -1.00    -1.00    -1.00 14001.63  6781.88 11075.40 14001.63 14001.63 14001.63 14001.63 14001.63 14001.63 14001.63 14001.38 14001.38 14001.38 14001.38 14001.38 11075.40 14001.63 14001.63 14001.63 14001.63 14001.63 14001.63 14001.63 14001.63 14001.63 14001.63  2956.02 14000.15  7820.61 14000.15 14000.15  7820.61 14000.15 14000.15 12201.64 14000.15
 8765.31  8765.31  8765.31  8765.31 14000.02 14001.60 14001.65 14001.60 14001.60  7014.43  7014.43  5859.87 14000.02 14001.60 14001.65 14001.60 14001.60   498.81  7014.43 14000.02 14001.60 14001.65 14001.60 14001.60  7014.43 14000.02 14001.60 14001.65 14001.60 14001.60 14000.02 14001.60 14001.65 14001.60 14001.60 14001.60 14001.65 14001.60 14001.60 14001.65  3291.13  5866.51 14001.65 14001.65  5866.51
   -1.00    -1.00    -1.00    -1.00    -1.00    -1.00    -1.00    -1.00    -1.00    -1.00    -1.00    -1.00    -1.00    -1.00    -1.00    -1.00    -1.00    -1.00    -1.00    -1.00    -1.00    -1.00    -1.00    -1.00  6198.76 14001.13    -1.00 14001.13 14001.13 14001.13 14001.13    -1.00 14001.13 14001.13 14001.13    -1.00 10791.01 10791.01  7373.23    -1.00    -1.00    -1.00   187.24 10791.01 10791.01
14004.31  7529.00 14004.31 14004.31 14000.53 14000.53 14000.53 14000.53    -1.00 14004.31  5254.33   183.58 14004.31 14004.31 14004.31 14004.31    -1.00 14004.31 14004.31 14000.53 14000.53 14000.53 14000.53    -1.00  5254.33 14004.31 14004.31 14004.31 14004.31    -1.00 14004.31 14004.31 14004.31 14004.31    -1.00 14000.05  7661.97  6870.23    -1.00 14000.05 14000.05    -1.00  7661.97    -1.00    -1.00
12377.31 12377.31 12377.31    -1.00 14001.31 14001.31 14001.31    -1.00 14001.31  7734.74    91.83    -1.00 14001.31 14001.31 14001.31    -1.00 14001.31  7734.74    -1.00 14001.31 14001.31 14001.31    -1.00 14001.31    -1.00 14001.31 14001.31 14001.31    -1.00 14001.31    -1.00    -1.00    -1.00    -1.00    -1.00 14000.37  7928.34    -1.00  5491.76 14000.37    -1.00 14000.37    -1.00  7928.34    -1.00
 1028.99 11174.64    -1.00    -1.00 14002.10 14002.10 14002.10 14002.10 14002.10 11174.64    -1.00    -1.00 14002.10 14002.10 14002.10 14002.10 14002.10    -1.00    -1.00 14002.10 14002.10 14002.10 14002.10 14002.10    -1.00    -1.00    -1.00    -1.00    -1.00    -1.00    -1.00    -1.00    -1.00    -1.00    -1.00  6699.79   904.84 14000.99 14000.99  6699.79 14000.99 14000.99 14000.99 14000.99  2633.52
