3 15
5
5
5


   -1.00    -1.00    -1.00    -1.00    -1.00    -1.00    -1.00    -1.00    -1.00    -1.00    -1.00    -1.00    -1.00    -1.00  9303.54 18000.13 18000.13 18000.13 18000.13  9303.54 18000.13  9303.54 18003.41 18003.41 18000.35 18003.41 18000.35 18000.13 18000.13 18000.13 18000.13  5918.56 18000.13  5918.56 18003.41 18003.41 18000.35 18003.41 18000.35  6726.41  6786.64  3855.39 18000.13  6786.64 18000.13 18003.41 18003.41 18000.35 18003.41 18000.35  6786.64  6726.41 18000.13  6786.64 18000.13 18003.41 18003.41 18000.35 18003.41 18000.35  6786.64 18000.13  2259.86 18000.13 18003.41 18003.41 18000.35 18003.41 18000.35 18000.13  6786.64 18000.13 18003.41 18003.41 18000.35 18003.41 18000.35 18000.13  4207.29 18003.41 18003.41 18000.35 18003.41 18000.35 18000.13 18003.41 18003.41 18000.35 18003.41 18000.35 18003.41 18003.41 18000.35 18003.41 18000.35  6793.15 18003.41 18000.54 18003.41 18003.41 18000.54 18003.41 18003.41    82.45 18003.41
18003.51  6811.39  6811.39 18003.51 15142.00 18003.51 15142.00 15142.00 18003.51 18000.06    -1.00 18000.06 18000.06 18000.06 18003.51 18003.51  2746.13 18003.51  6304.05 18003.51 18003.51  7260.11 18003.51    -1.00 18003.51 18003.51 18003.51  4343.88 18003.51 15142.00 18003.51 15142.00 15142.00 18003.51 18000.06    -1.00 18000.06 18000.06 18000.06 18003.51 15142.00 18003.51 15142.00 15142.00 18003.51 18000.06    -1.00 18000.06 18000.06 18000.06 18003.51  6304.05 18003.51 18003.51  7260.11 18003.51    -1.00 18003.51 18003.51 18003.51 18003.51 10341.74 10341.74 18003.51 18000.06    -1.00 18000.06 18000.06 18000.06 18003.51 18003.51  7260.11 18003.51    -1.00 18003.51 18003.51 18003.51  1544.30 18003.51 18000.06    -1.00 18000.06 18000.06 18000.06 18003.51 18000.06    -1.00 18000.06 18000.06 18000.06 18003.51    -1.00 18003.51 18003.51 18003.51    -1.00 18000.06   645.79 18000.06    -1.00    -1.00    -1.00 18000.06 16609.89 18000.06
18000.33 14523.57  8775.43 18000.79    -1.00 18000.33 18000.79 18000.33 18000.33 18002.28 18002.28    -1.00 18002.28    -1.00 18000.33 18000.33 18000.79    -1.00  7009.31 18000.79  7865.80  7865.80 18002.28 18002.28    -1.00 18002.28    -1.00 14523.57 18000.79    -1.00 18000.33 18000.79 18000.33 18000.33 18002.28 18002.28    -1.00 18002.28    -1.00 18000.79    -1.00 18000.33 18000.79 18000.33 18000.33 18002.28 18002.28    -1.00 18002.28    -1.00    -1.00 18000.79  5317.44 18000.79 18000.79 18002.28 18002.28    -1.00 18002.28    -1.00    -1.00    -1.00    -1.00    -1.00    -1.00    -1.00    -1.00    -1.00    -1.00 18000.79  7865.80  7865.80 18002.28 18002.28    -1.00 18002.28    -1.00 18000.79 18000.79 18002.28 18002.28    -1.00 18002.28    -1.00   622.24 18002.28 18002.28    -1.00 18002.28    -1.00 18002.28 18002.28    -1.00 18002.28    -1.00 18001.51    -1.00 18001.51    -1.00    -1.00  8474.53    -1.00    -1.00    -1.00    -1.00
  215.48 18001.07 18001.07 18001.07 18001.07 17316.66 17316.66 18001.07 17316.66 18000.16 18000.16    -1.00 18000.16 18000.16 18001.07 18001.07 18001.07 18001.07 17316.66 17316.66 18001.07 17316.66 18000.16 18000.16    -1.00 18000.16 18000.16  2525.51  2525.51 11600.42 18001.07 18001.07 11600.42 18001.07 18001.07 18001.07    -1.00 18001.07 18001.07   532.98 11600.42 18001.07 18001.07 11600.42 18001.07 18001.07 18001.07    -1.00 18001.07 18001.07 11600.42 18001.07 18001.07 11600.42 18001.07 18001.07 18001.07    -1.00 18001.07 18001.07 18001.07 18001.07  4376.46 18001.07 18001.07 18001.07    -1.00 18001.07 18001.07  4579.59 18001.07   990.17 18000.16 18000.16    -1.00 18000.16 18000.16 18001.07  4579.59 18000.16 18000.16    -1.00 18000.16 18000.16 18001.07 18001.07 18001.07    -1.00 18001.07 18001.07 18000.16 18000.16    -1.00 18000.16 18000.16 15530.34    -1.00   396.26  5574.63    -1.00 15530.34 15530.34    -1.00    -1.00  5574.63
   -1.00    -1.00    -1.00    -1.00    -1.00    -1.00    -1.00    -1.00    -1.00    -1.00    -1.00    -1.00    -1.00    -1.00 18000.77 18000.77 18000.77 18000.77 18000.77    -1.00  7551.95 18000.77 18001.08 18000.60 18000.60 18000.60 18000.60 18000.26  2684.61  6385.80  6385.80    -1.00 18000.77  6385.80 18001.08 18000.77 18000.77 18000.77 18000.77 18000.26 18000.26 18000.26    -1.00 18000.77 18000.26 18001.08 18000.77 18000.77 18000.77 18000.77  6385.80  6385.80    -1.00 18000.77  6385.80 18001.08 18000.77 18000.77 18000.77 18000.77  2083.84    -1.00 18000.77   631.60 18001.08 18000.77 18000.77 18000.77 18000.77    -1.00 18000.77  2083.84 18001.08 18000.77 18000.77 18000.77 18000.77    -1.00    -1.00    -1.00    -1.00    -1.00    -1.00    -1.00 18000.77 18001.08 18000.60 18000.60 18000.60 18000.60 18001.08 18000.77 18000.77 18000.77 18000.77 18001.08 18001.08 18001.08 18001.08  3227.28  6751.95  6751.95  6751.95  6751.95    67.22
18001.49  1720.63 18001.49    -1.00 18005.21 18001.49 18005.21 18005.21 18005.21 18001.49 18001.49 18005.21 18001.49 18001.49 18001.49   586.83    -1.00 18005.21  4405.01 18005.21 18005.21 18005.21 18000.65 18000.65 18005.21 18000.65 18000.65 18001.49    -1.00 18005.21 18001.49 18005.21 18005.21 18005.21 18001.49 18001.49 18005.21 18001.49 18001.49    -1.00 18005.21  4405.01 18005.21 18005.21 18005.21 18000.65 18000.65 18005.21 18000.65 18000.65    -1.00    -1.00    -1.00    -1.00    -1.00    -1.00    -1.00    -1.00    -1.00    -1.00 18005.21  1310.40  3314.87  3891.56 18005.21 18005.21 18001.05 18005.21 18005.21 18005.21 18005.21 18005.21 18000.65 18000.65 18005.21 18000.65 18000.65  3314.87  3891.56 18005.21 18005.21 18001.05 18005.21 18005.21  3891.56 18005.21 18005.21 18001.05 18005.21 18005.21 18005.21 18005.21 18001.05 18005.21 18005.21   458.55 18005.21   458.55  9461.88 18005.21   246.77  9461.88 18005.21 18005.21  9461.88
18000.66 18000.66  4408.43 18000.66 18000.66 18000.66 18000.66 18000.66    -1.00 18000.21 18000.50 18000.21 18000.50 18000.50  1967.02 18000.66  7002.58  7002.58 11289.78  7002.58  7002.58    -1.00 18000.66 18000.66 18000.66 18000.66 18000.66 18000.66  7002.58  7002.58 11289.78  7002.58  7002.58    -1.00 18000.66 18000.66 18000.66 18000.66 18000.66 18000.66 18000.66 18000.66 18000.66 18000.66    -1.00 18000.21 18000.50 18000.21 18000.50 18000.50  3600.73 11289.78  3600.73  6248.71    -1.00 18000.66 18000.66 18000.66 18000.66 18000.66 11289.78   422.62  6248.71    -1.00 18000.66 18000.66 18000.66 18000.66 18000.66 11289.78 11289.78    -1.00 18000.66 18000.66 18000.66 18000.66 18000.66  6248.71    -1.00 18000.66 18000.66 18000.66 18000.66 18000.66    -1.00 18000.66 18000.66 18000.66 18000.66 18000.66    -1.00    -1.00    -1.00    -1.00    -1.00 18000.50   263.54 18000.50 18000.50 18000.50  2888.18  5062.36 18000.50 18000.50  5062.36
18001.11 18001.11 18003.10 18001.11 18001.11 18001.11  9798.07 18001.11 18001.11 18003.10 18003.10 18003.10 18003.10 18003.10   202.01 18003.10  7037.57  7037.57 14508.62 18001.11 14508.62 14508.62 18003.10 18003.10 18003.10 18003.10 18003.10 18003.10  7037.57  7037.57 14508.62 18001.11 14508.62 14508.62 18003.10 18003.10 18003.10 18003.10 18003.10 18003.10 18003.10 18003.10 18003.10 18003.10 18003.10 18000.53 18000.53 18000.53 18000.53 18000.53  5549.73 14508.62 18001.11 14508.62 14508.62 18003.10 18003.10 18003.10 18003.10 18003.10 14508.62 18001.11 14508.62 14508.62 18003.10 18003.10 18003.10 18003.10 18003.10 18001.11  1339.01   718.66 18003.10 18003.10 18003.10 18003.10 18003.10 18001.11 18001.11 18003.10 18003.10 18003.10 18003.10 18003.10  1339.01 18003.10 18003.10 18003.10 18003.10 18003.10 18003.10 18003.10 18003.10 18003.10 18003.10  5499.80  5499.80  1376.73  5499.80   666.38  5499.80   796.45  5499.80   796.45  5499.80
 5166.64  4780.87  3941.27  5166.64 18001.61  4052.07  4780.87    -1.00 18000.33 18000.11 18000.11 18000.11 18000.11 18000.11  5166.64  5166.64  3304.67 18001.61  5166.64  5166.64    -1.00 18000.33 18000.11 18000.11 18000.11 18000.11 18000.11  4780.87  5166.64 18001.61  4780.87  4136.63    -1.00 18000.33 18000.11 18000.11 18000.11 18000.11 18000.11  5166.64 18001.61  4052.07  4780.87    -1.00 18000.33 18000.11 18000.11 18000.11 18000.11 18000.11 18001.61  5166.64  5166.64    -1.00 18000.33 18000.11 18000.11 18000.11 18000.11 18000.11 18001.61 18001.61    -1.00 18001.61 18001.61 18001.61 18001.61 18001.61 18001.61  4780.87    -1.00 18000.33 18000.11 18000.11 18000.11 18000.11 18000.11    -1.00 18000.33 18000.11 18000.11 18000.11 18000.11 18000.11    -1.00    -1.00    -1.00    -1.00    -1.00    -1.00 18000.33 18000.33 18000.33 18000.33 18000.33   492.81  9184.76   473.07   986.23  9184.76   492.81   986.23  9184.76  9184.76   986.23
   -1.00 18000.10 18000.10 10962.52 18000.10 18000.10 10962.52 18002.93 10962.52 18000.16 18000.16 18000.16 18000.16 18000.16    -1.00    -1.00    -1.00    -1.00    -1.00    -1.00    -1.00    -1.00    -1.00    -1.00    -1.00    -1.00    -1.00 16349.81 18000.10  3717.87 16349.81 18000.10 18002.93 18000.10 18000.16 18000.16 18000.16 18000.16 18000.16 18000.10 16349.81  6072.90 18000.10 18002.93 18000.10 18000.16 18000.16 18000.16 18000.16 18000.16 18000.10 18000.10  5429.75 18002.93  5429.75 18000.16 18000.16 18000.16 18000.16 18000.16 16349.81 18000.10 18002.93 18000.10 18000.16 18000.16 18000.16 18000.16 18000.16 18000.10 18002.93 18000.10 18000.16 18000.16 18000.16 18000.16 18000.16 18002.93   548.44 18000.16 18000.16 18000.16 18000.16 18000.16 18002.93 18002.93 18002.93 18002.93 18002.93 18002.93 18000.16 18000.16 18000.16 18000.16 18000.16 16088.79 16088.79 16088.79 16088.79  9486.70 10254.99  9486.70 10254.99   588.76 10254.99
18001.66 18001.66  7935.87 18001.66 18001.66  8012.48  9398.39  9398.39 18001.66 18001.66 18001.66 18001.66 18001.66 18001.66 15070.52 18001.66  1735.65 15070.52 18001.66 18001.66 18001.66 15070.52 18000.68 18000.68 18000.68 18000.55 18000.55 18001.66 15070.52  4202.02 18001.66 18001.66 18001.66  4202.02 18000.68 18000.68 18000.68 18000.55 18000.55 18001.66 18001.66  8012.48  9398.39  9398.39 18001.66 18001.66 18001.66 18001.66 18001.66 18001.66 15070.52 18001.66 18001.66 18001.66 15070.52 18000.68 18000.68 18000.68 18000.55 18000.55 18001.66 18001.66 18001.66  3942.56 18000.68 18000.68 18000.68 18000.55 18000.55  9398.39  9398.39 18001.66 18001.66 18001.66 18001.66 18001.66 18001.66  1446.60 18001.66 18001.66 18001.66 18001.66 18001.66 18001.66 18001.66 18001.66 18001.66 18001.66 18001.66 18001.66 18000.68 18000.68 18000.68 18000.55 18000.55  2186.96  2325.99 18000.68 18000.68  2325.99 18000.68 18000.68 18000.68 18000.68 16974.59
   -1.00 18000.01 18000.15 18000.15  5605.09  6744.92 18000.01    -1.00 18000.01 18000.15 18000.15 18000.15 18006.85 18000.15    -1.00    -1.00    -1.00    -1.00    -1.00    -1.00    -1.00    -1.00    -1.00    -1.00    -1.00    -1.00    -1.00 18000.15 18000.15 18000.01 18000.01  3931.52    -1.00 10958.58 18000.15 18000.15 18000.15 18006.85 18000.15  2376.41 18000.15 18000.15 18000.15    -1.00 18000.15 18000.03 18000.03 18000.03 18006.85 18000.03 18000.15 18000.15 18000.15    -1.00 18000.15 18000.03 18000.03 18000.03 18006.85 18000.03  6744.92 18000.01    -1.00 18000.01 18000.15 18000.15 18000.15 18006.85 18000.15 18000.01    -1.00 18000.01 18000.15 18000.15 18000.15 18006.85 18000.15    -1.00 10958.58 18000.15 18000.15 18000.15 18006.85 18000.15    -1.00    -1.00    -1.00    -1.00    -1.00    -1.00 18000.15 18000.15 18000.15 18006.85 18000.15  9933.64  1034.12 18006.85  7093.61  9933.64 18006.85  9933.64 18006.85  7093.61 18006.85
 8832.88  8832.88  8832.88  4572.66  8832.88  4091.31  4247.57  8832.88  4091.31 18001.03 18001.03 18001.03 18001.03 18001.03  4026.07  1405.83  8832.88  4355.84  8832.88  8832.88  6272.33  8832.88 18001.03 18001.03 18001.03 18001.03 18001.03  4026.07  8832.88  4355.84  8832.88  8832.88  6272.33  8832.88 18001.03 18001.03 18001.03 18001.03 18001.03  8832.88  4355.84  8832.88  8832.88  6272.33  8832.88 18001.03 18001.03 18001.03 18001.03 18001.03  8832.88  4572.66  4572.66  8832.88  4572.66 18001.03 18001.03 18001.03 18001.03 18001.03  8832.88  8832.88  6272.33  8832.88 18001.03 18001.03 18001.03 18001.03 18001.03  4247.57  8832.88   944.88 18001.03 18001.03 18001.03 18001.03 18001.03  8832.88  4247.57 18001.03 18001.03 18001.03 18001.03 18001.03  8832.88 18001.03 18001.03 18001.03 18001.03 18001.03 18001.03 18001.03 18001.03 18001.03 18001.03 18000.50 18000.08 18000.08 18000.50 18000.50 18000.50  4711.52  6967.01 18000.50 18000.50
 7620.07  3435.43 11409.30 18001.23 10926.14    -1.00  4703.33 18001.23    -1.00 18010.68 18000.09 18000.09 18010.68 18000.09  7620.07 11409.30 18001.23 10926.14    -1.00  7620.07 18001.23    -1.00 18010.68 18000.09 18000.09 18010.68 18000.09 11409.30 18001.23 10926.14    -1.00  4703.33 18001.23    -1.00 18010.68 18000.09 18000.09 18010.68 18000.09 18001.23 11409.30    -1.00 11409.30 18001.23    -1.00 18010.68 18000.09 18000.09 18010.68 18000.09 18001.23    -1.00 18001.23  8279.91    -1.00 18010.68 18001.23 18001.23 18010.68 18001.23    -1.00 10926.14 18001.23    -1.00 18010.68 18000.09 18000.09 18010.68 18000.09    -1.00    -1.00    -1.00    -1.00    -1.00    -1.00    -1.00    -1.00 18001.23    -1.00 18010.68 18000.09 18000.09 18010.68 18000.09    -1.00 18010.68 18001.23 18001.23 18010.68 18001.23    -1.00    -1.00    -1.00    -1.00    -1.00 18010.68 18010.68 12088.52 18010.68  4445.57 18010.68  5636.81 18010.68  5636.81 18010.68
 5414.14   607.16  5414.14  1327.00  4457.75 18006.69 18006.69    -1.00 18006.69 18006.69 18006.69 18006.69 18006.69 18006.69  5414.14  4657.44  5414.14  5414.14 18006.69 18006.69    -1.00 18006.69 18006.69 18006.69 18006.69 18006.69 18006.69  5414.14  1327.00  4457.75 18006.69 18006.69    -1.00 18006.69 18006.69 18006.69 18006.69 18006.69 18006.69  5414.14  5414.14 18006.69 18006.69    -1.00 18006.69 18006.69 18006.69 18006.69 18006.69 18006.69  4457.75 18006.69 18006.69    -1.00 18006.69 18006.69 18006.69 18006.69 18006.69 18006.69 18006.69 18006.69    -1.00 18006.69 18006.69 18006.69 18006.69 18006.69 18006.69 10430.28    -1.00 10430.28 18000.80 18000.80 18000.80 18000.80 18000.80    -1.00  4083.99 18000.80 18000.80 18000.80 18000.80 18000.80    -1.00    -1.00    -1.00    -1.00    -1.00    -1.00 18000.80 18000.80 18000.80 18000.80 18000.80  4116.63  4568.00 18000.15 13105.73  4568.00 18000.15 13105.73 18000.15 13105.73 18000.15
   -1.00  2667.66  7309.56  7309.56  7309.56 14319.77  6603.74    -1.00  7309.56 18000.24    -1.00 18001.03 18000.24 18000.24    -1.00    -1.00    -1.00    -1.00    -1.00    -1.00    -1.00    -1.00    -1.00    -1.00    -1.00    -1.00    -1.00  7309.56  7309.56  7309.56 14319.77  6603.74    -1.00  7309.56 18000.24    -1.00 18001.03 18000.24 18000.24  5705.75  6273.03 14319.77  7309.56    -1.00  5705.75 18000.24    -1.00 18001.03 18000.24 18000.24  6273.03 14319.77  7309.56    -1.00  5349.61 18000.24    -1.00 18001.03 18000.24 18000.24 14319.77  7309.56    -1.00  6273.03 18000.24    -1.00 18001.03 18000.24 18000.24 14319.77    -1.00 14319.77 18000.24    -1.00 18001.03 18000.24 18000.24    -1.00  7309.56 18000.24    -1.00 18001.03 18000.24 18000.24    -1.00    -1.00    -1.00    -1.00    -1.00    -1.00 18000.24    -1.00 18001.03 18000.24 18000.24    -1.00 18001.03 15817.09 15817.09    -1.00    -1.00    -1.00 18001.03 18001.03   741.77
 6054.45    -1.00 18002.11  6054.45  9272.33    -1.00  9272.33 18002.11 18002.11 18001.47 18001.47 18001.47 18001.47 18001.47    -1.00 18002.11  1031.03  9272.33    -1.00  9272.33 18002.11 18002.11 18001.47 18001.47 18001.47 18001.47 18001.47    -1.00    -1.00    -1.00    -1.00    -1.00    -1.00    -1.00    -1.00    -1.00    -1.00    -1.00    -1.00 18002.11 18002.11    -1.00 18002.11 17188.85 17188.85 18002.11 18002.11 18002.11 18002.11 18002.11  9272.33    -1.00  9272.33 18002.11 18002.11 18001.47 18001.47 18001.47 18001.47 18001.47    -1.00  5552.34 18002.11 18002.11 18001.47 18001.47 18001.47 18001.47 18001.47    -1.00    -1.00    -1.00    -1.00    -1.00    -1.00    -1.00    -1.00 18002.11 18002.11 18001.47 18001.47 18001.47 18001.47 18001.47  3664.16 18002.11 18002.11 18002.11 18002.11 18002.11 18002.11 18002.11 18002.11 18002.11 18002.11 10890.05 10890.05  4260.35 11652.87  2357.12 10890.05 11652.87 10890.05 11652.87 11652.87
 5384.20 10561.63 10561.63  2014.45 18000.52 18000.52    -1.00 10561.63 18000.52    -1.00 18007.98 18000.60    -1.00 18000.60 10561.63 10561.63  5384.20 18000.52 18000.52    -1.00 10561.63 18000.52    -1.00 18007.98 18000.60    -1.00 18000.60  3639.27 10561.63 18000.52 18000.52    -1.00  3820.88 18000.52    -1.00 18007.98 18000.60    -1.00 18000.60 10561.63 18000.52 18000.52    -1.00  3820.88 18000.52    -1.00 18007.98 18000.60    -1.00 18000.60 18000.52 18000.52    -1.00 10561.63 18000.52    -1.00 18007.98 18000.60    -1.00 18000.60   110.48    -1.00 18000.52  2542.86    -1.00 18007.98 18000.60    -1.00 18000.60    -1.00 18000.52  2542.86    -1.00 18007.98 18000.60    -1.00 18000.60    -1.00    -1.00    -1.00    -1.00    -1.00    -1.00    -1.00 18000.52    -1.00 18007.98 18000.60    -1.00 18000.60    -1.00 18007.98 18000.60    -1.00 18000.60    -1.00    -1.00    -1.00    -1.00 18007.98    -1.00 18007.98    -1.00  3780.81    -1.00
 1930.14 18003.06    -1.00  5686.85 18003.06 11597.53  7377.37 18007.19  5686.85 18003.06 18003.06 18003.06 18003.06 18003.06 18003.06    -1.00  5686.85 18003.06 11597.53  7377.37 18007.19  5686.85 18003.06 18003.06 18003.06 18003.06 18003.06    -1.00 18003.06  4291.28 18003.06 18003.06 18007.19 18003.06 18000.12 18000.89 18000.12 18000.89 18000.89    -1.00    -1.00    -1.00    -1.00    -1.00    -1.00    -1.00    -1.00    -1.00    -1.00    -1.00 18003.06 11597.53  7377.37 18007.19  3653.88 18003.06 18003.06 18003.06 18003.06 18003.06 18003.06 18003.06 18007.19 18003.06 18000.12 18000.89 18000.12 18000.89 18000.89 11597.53 18007.19 11597.53 18003.06 18003.06 18003.06 18003.06 18003.06 18007.19  7377.37 18003.06 18003.06 18003.06 18003.06 18003.06 18007.19 18007.19 18007.19 18007.19 18007.19 18007.19 18003.06 18003.06 18003.06 18003.06 18003.06 18000.89   316.25 18000.89 18000.89 18000.89  4003.00   433.33 18000.89 18000.89  4003.00
18000.90 18000.90    -1.00 10936.78 10936.78  9189.19 10936.78 18000.90  9189.19 18000.90 18000.90 18004.18 18000.90 18004.18  3812.87    -1.00 18000.90 18000.90 18000.90 18000.90 12717.17 18000.90 18000.08 18000.08 18004.18 18000.08 18004.18    -1.00 18000.90 18000.90 18000.90 18000.90 12717.17 18000.90 18000.08 18000.08 18004.18 18000.08 18004.18    -1.00    -1.00    -1.00    -1.00    -1.00    -1.00    -1.00    -1.00    -1.00    -1.00    -1.00  8323.08 10936.78  5357.97 18000.90 10936.78 18000.90 18000.90 18004.18 18000.90 18004.18 10936.78  8323.08 18000.90 10936.78 18000.90 18000.90 18004.18 18000.90 18004.18 10936.78 18000.90  4235.20 18000.90 18000.90 18004.18 18000.90 18004.18 18000.90 10936.78 18000.90 18000.90 18004.18 18000.90 18004.18 18000.90 18000.08 18000.08 18004.18 18000.08 18004.18 18000.90 18000.90 18004.18 18000.90 18004.18  2862.30 18004.18  5478.63 18004.18 18004.18  5478.63 18004.18 18004.18 18000.13 18004.18
