16003.75 16003.75 16003.75 16003.75 16000.82 16000.82 16000.82  1409.94  3080.90 16000.08 16003.75 16003.75 16003.75  3080.90 16000.08 16003.75 16003.75 16003.75 16000.08 16003.75 16003.75 16003.75 16003.75 16003.75 16003.75   678.50 12374.09 12374.09
16001.26 16001.26 16001.26 16001.26 16001.26 16001.26 16001.26 16000.27 16000.27 16000.97 16000.97 16000.97 16000.97  2358.89 16000.97 16000.97 16000.97 16000.97 16000.97 16000.97 16000.97 16000.97  8277.23  1139.66  8277.23  8277.23   180.67  8277.23
 3874.24  3874.24  3874.24 16002.51 16002.51 16002.51 16002.51  2088.95   428.40 16002.51 16002.51 16002.51 16002.51  2088.95 16002.51 16002.51 16002.51 16002.51 16002.51 16002.51 16002.51 16002.51   201.62  4286.83  2505.88  4286.83  2505.88  4286.83
 3271.25 13384.53 13384.53 16000.63 16002.20 16000.63 16000.63 13384.53 13384.53 16000.63 16002.20 16000.63 16000.63  2166.63 16000.63 16002.20 16000.63 16000.63 16000.63 16002.20 16000.63 16000.63 16002.20 10678.01  4003.75 16002.20 16002.20 10678.01
 5997.94 16002.08  3571.67 16002.08 16002.08 16002.08 16002.08 16002.08  5997.94 16002.08 16002.08 16002.08 16002.08 16002.08 16000.96 16000.96 16000.96 16000.96 16002.08 16002.08 16002.08 16002.08 14031.25  2211.75  9609.98 14031.25 14031.25  9609.98
12333.59 10706.12  2363.39 16007.61 16007.61 16007.61 16007.61 12333.59 12333.59 16007.61 16007.61 16007.61 16007.61 10706.12 16007.61 16007.61 16007.61 16007.61 16007.61 16007.61 16007.61 16007.61 16000.10  4074.10  5091.28 16000.10 16000.10  5091.28
 7860.74 16000.72  1351.04 16000.49 16000.72 16000.72 16000.49 16000.72  7860.74 16000.49 16000.72 16000.72 16000.49 16000.72 16000.72 16000.11 16000.11 16000.72 16000.49 16000.72 16000.72 16000.49 16000.72 16000.72  5817.17 10944.75 16000.72 16000.72
 7763.71  7716.66   182.23 16001.38 16001.38 16001.38 16001.38  7763.71  7763.71 16001.38 16001.38 16001.38 16001.38  7716.66 16001.38 16001.38 16001.38 16001.38 16001.38 16001.38 16001.38 16001.38  9052.77  9052.77 16000.39  2309.52 16000.39 16000.39
13102.32 13102.32 16002.78 16000.64 16000.64 16000.64 16000.64  3658.70 16002.78 16000.64 16000.64 16000.64 16000.64 16002.78 16000.64 16000.64 16000.64 16000.64 16002.78 16002.78 16002.78 16002.78 12790.49   401.88 12790.49 12790.49 12584.10 12790.49
16001.18 16001.18 16001.18 16000.41 16000.41 16000.41 16000.14  5234.24 11478.01 16001.18 16001.18 16001.18 16001.18 11478.01 16001.18 16001.18 16001.18 16001.18 16001.18 16001.18 16001.18 16001.18  4561.92 15104.32 16000.41 15104.32 16000.41 16000.41
16001.31 16007.47  4212.93 16001.31 16000.24 16000.24 16000.24 16007.47 16001.31 16000.34 16001.31 16001.31 16001.31 16007.47 16007.47 16007.47 16007.47 16007.47 16001.31 16000.24 16000.24 16000.24 16001.31 16001.31 16001.31  1366.95  2910.26  2910.26
 2527.12    60.05  6595.11 16001.87 16001.87 16001.87 16001.87  2527.12  6595.11 16001.87 16001.87 16001.87 16001.87  6595.11 16001.87 16001.87 16001.87 16001.87 16001.87 16001.87 16001.87 16001.87 13428.06 16000.35 13428.06 16000.35  6232.24 16000.35
16000.54 16000.54 16000.54 16000.04 16000.04 16000.04 16000.04 13445.37 16000.10 16000.54 16000.54 16000.54 16000.54 16000.10 16000.54 16000.54 16000.54 16000.54 16000.54 16000.54 16000.54 16000.54  4983.05 14987.23 14987.23 14987.23 14987.23  2171.81
 7967.13 15635.08 15635.08 16002.35 16002.35 16002.35 16002.35 15635.08 15635.08 16002.35 16002.35 16002.35 16002.35  1760.95 16002.35 16002.35 16002.35 16002.35 16002.35 16002.35 16002.35 16002.35 14916.56 14916.56  2945.15  9815.05 14916.56 14916.56
 1090.37  4037.68 12732.53 16001.02 16001.02 16001.02 16001.02  4037.68 12732.53 16001.02 16001.02 16001.02 16001.02 12732.53 16001.02 16001.02 16001.02 16001.02 16001.02 16001.02 16001.02 16001.02  4665.62  4813.27  6111.86  4813.27  6111.86  6111.86
16000.40 16000.40   401.58 16000.72 16000.72 16000.72 16001.33  6644.16 16000.40 16000.72 16000.72 16000.72 16001.33 16000.40 16000.72 16000.72 16000.72 16001.33 16000.72 16000.72 16000.72 16001.33 12794.34 12794.34 16001.33  5784.01 16001.33 16001.33
 4186.51  4186.51   679.32 16000.69 16000.69 16000.79 16000.79  2373.55  4186.51 16000.69 16000.69 16000.79 16000.79  4186.51 16000.69 16000.69 16000.79 16000.79 16000.69 16000.69 16000.79 16000.79 15012.63 16000.79 16000.79 16000.79 16000.79  9315.25
15839.79 16007.05  2687.24 16002.67 16002.67 16002.67 16002.67 16007.05 15839.79 16002.67 16002.67 16002.67 16002.67 16007.05 16007.05 16007.05 16007.05 16007.05 16002.67 16002.67 16002.67 16002.67   499.92  1755.71  5013.78  1755.71  5013.78  5013.78
  970.33  3488.14  8484.38 16003.76 16003.76 16003.76 16003.76  3488.14  8484.38 16003.76 16003.76 16003.76 16003.76  8484.38 16003.76 16003.76 16003.76 16003.76 16003.76 16003.76 16003.76 16003.76 16000.30 16000.30 16000.30 13150.34 13150.34  3220.38
  577.99 16004.97  6896.68 16000.17 16000.50 16000.17 16000.17 16004.97  6896.68 16000.17 16000.50 16000.17 16000.17 16004.97 16004.97 16004.97 16004.97 16004.97 16000.17 16000.50 16000.17 16000.17 16000.50 16000.16   665.44 16000.50 16000.50 16000.16
