 7619.94  7619.94  7619.94 14006.05 14006.05 14006.05 14006.05  5821.11  5821.11 14006.05 14006.05 14006.05 14006.05  3701.14 14006.05 14006.05 14006.05 14006.05 14006.05 14006.05 14006.05 14006.05  6531.45  6531.45  6531.45  1096.46  5075.89  5075.89
 6476.14 14001.27  7962.41 14004.58 14000.05 14004.58 14004.58 14001.27  7962.41 14004.58 14000.05 14004.58 14004.58 14001.27 14004.58 14001.27 14004.58 14004.58 14004.58 14000.05 14004.58 14004.58 14004.58 14000.19  6307.06 14004.58 14004.58 14000.19
11458.66  5786.86   668.34 14000.33 14000.33 14000.33 14000.33 11458.66 11458.66 14000.33 14000.33 14000.33 14000.33  5786.86 14000.33 14000.33 14000.33 14000.33 14000.33 14000.33 14000.33 14000.33 11098.46 14000.28 14000.28 14000.28 14000.28  3041.51
 2232.83  5049.69 14006.36 14006.36 14006.36 14006.36 14006.36  5049.69 14006.36 14006.36 14006.36 14006.36 14006.36 14006.36 14006.36 14006.36 14006.36 14006.36 14000.45 14000.45 14000.45 14000.45  8833.21  8833.21  3874.95  4064.93  8833.21  8833.21
14001.03 14001.03 14001.03 14001.99 14001.99 14001.99 14001.03  6280.99  7710.22 14001.99 14001.99 14001.99 14000.84  7710.22 14001.99 14001.99 14001.99 14000.84 14001.99 14001.99 14001.99 14000.84  3881.81  3881.81 14001.99  1686.71 14001.99 14001.99
 9922.35  9922.35 14000.54 14000.35 14000.35 14000.35 14000.35  6230.52 14000.54 14000.35 14000.35 14000.35 14000.35 14000.54 14000.35 14000.35 14000.35 14000.35 14000.54 14000.54 14000.54 14000.54 14000.24 14000.24 14000.24  2211.91 11852.62 11852.62
  385.38 10252.13 13006.38 14001.70 14001.70 14001.70 14001.70 10252.13 13006.38 14001.70 14001.70 14001.70 14001.70 13006.38 14001.70 14001.70 14001.70 14001.70 14001.70 14001.70 14001.70 14001.70  2267.23  1684.02  1324.96  2267.23  2267.23  1684.02
 6948.66  7708.46  7708.46 14000.37 14000.37 14000.37 14000.37  7708.46  7708.46 14000.37 14000.37 14000.37 14000.37  5318.59 14000.37 14000.37 14000.37 14000.37 14000.37 14000.37 14000.37 14000.37  9370.36  9370.36  9370.36  8807.37  8807.37  4183.57
 2720.06  2720.06 12427.93 14000.20 14000.46 14001.77 14001.77   129.89 12427.93 14000.20 14000.46 14001.77 14001.77 12427.93 14000.20 14000.46 14001.77 14001.77 14000.20 14000.46 14001.77 14001.77 14000.46 14001.77 14001.77 14001.77 14001.77  4330.29
 7001.25  7001.25  7001.25 14004.89 14000.72 14000.72 14000.72  2690.97  2690.97 14004.89 14000.72 14000.72 14000.72   793.15 14004.89 14000.72 14000.72 14000.72 14004.89 14000.72 14000.72 14000.72 14004.89 14004.89 14004.89  6849.53 13075.69 13075.69
