2 10
5
5


   -1.00    -1.00 13954.84 18000.83 18001.22    -1.00    -1.00 18001.22    -1.00    -1.00    -1.00    -1.00    -1.00    -1.00    -1.00    -1.00    -1.00    -1.00    -1.00    -1.00    -1.00    -1.00    -1.00    -1.00 18000.83 18001.22    -1.00    -1.00 18001.22    -1.00 18001.22    -1.00    -1.00 18001.22    -1.00    -1.00    -1.00  2594.57    -1.00    -1.00    -1.00    -1.00    -1.00    -1.00    -1.00
11865.43 18002.39  2028.72  4671.82 18002.39 18002.39 18002.39 18002.39 18002.39 18002.39 11865.43 11865.43 18002.39 18002.39 18002.39 18002.39 18002.39 18002.39 18002.39 18000.09 18000.09 18000.56 18000.09 18000.09  4671.82 18002.39 18002.39 18002.39 18002.39 18002.39 18002.39 18002.39 18002.39 18002.39 18002.39  6953.49 18000.56  1717.45  6953.49 18000.56  6953.49  4342.13 18000.56 18000.56  6953.49
   -1.00    -1.00    -1.00    -1.00    -1.00    -1.00    -1.00    -1.00    -1.00  1039.29 14110.64 14110.64 18003.95 18000.26 18000.26 18000.26 18000.26 14110.64 14110.64 18003.95 18000.26 18000.26 18000.26 18000.26  9293.54 18003.95 18000.26 18000.26 18000.26 18000.26 18003.95 18000.26 18000.26 18000.26 18000.26 18003.95 18003.95 18003.95 18003.95 10682.49   994.62  2622.24 10682.49 10682.49  2622.24
 9987.20 18011.08  9987.20 18011.08 18000.14 18000.86 18000.14 18000.86 18000.14 18011.08  4678.16 18011.08 18000.14 18000.86 18000.14 18000.86 18000.14 18011.08  3715.36 18011.08 18011.08 18011.08 18011.08 18011.08 18011.08 18000.14 18000.86 18000.14 18000.86 18000.14 18011.08 18011.08 18011.08 18011.08 18011.08 18000.86 11836.72 18000.86  5473.55 18000.86  1391.89 18000.86 18000.86 11836.72 18000.86
   -1.00 10574.94 10574.94 18000.57    -1.00 18001.09 18001.09 18001.09 18001.09    -1.00    -1.00    -1.00    -1.00    -1.00    -1.00    -1.00    -1.00  3857.22 18000.57    -1.00 18001.09 18001.09 18001.09 18001.09 18000.57    -1.00 18001.09 18001.09 18001.09 18001.09    -1.00 18001.09 18001.09 18001.09 18001.09    -1.00    -1.00    -1.00    -1.00 18000.13 18000.13 18000.13  4167.48  8371.06  8371.06
18000.35 18000.35 18000.35   830.98 18002.63 18002.63 18002.63 18002.63    -1.00  9660.50  9660.50 18000.35 18002.63 18002.63 18002.63 18002.63    -1.00  8694.45 18000.35 18002.63 18002.63 18002.63 18002.63    -1.00 18000.35 18002.63 18002.63 18002.63 18002.63    -1.00 18002.63 18002.63 18002.63 18002.63    -1.00  5939.13  5939.13  5939.13    -1.00    86.25  1187.51    -1.00  1187.51    -1.00    -1.00
15571.28    -1.00  2668.09 15571.28 18000.38 18000.38 18000.38 18000.38    -1.00    -1.00 15571.28 10204.38 18000.38 18000.38 18000.38 18000.38    -1.00    -1.00    -1.00    -1.00    -1.00    -1.00    -1.00    -1.00 15571.28 18000.38 18000.38 18000.38 18000.38    -1.00 18000.38 18000.38 18000.38 18000.38    -1.00  6375.04 18000.22  6375.04    -1.00 18000.22  2362.00    -1.00 18000.22    -1.00    -1.00
 2424.28 18002.37  9689.12   382.44 18000.00    -1.00 18000.00 18000.00    -1.00 18002.37  9689.12  2424.28 18000.00    -1.00 18000.00 18000.00    -1.00 18002.37 18002.37 18002.37    -1.00 18002.37 18002.37    -1.00  9689.12 18000.00    -1.00 18000.00 18000.00    -1.00 18000.00    -1.00 18000.00 18000.00    -1.00    -1.00 12326.60  3045.75    -1.00    -1.00    -1.00    -1.00 12326.60    -1.00    -1.00
  971.59 18001.65 18001.65 18001.65 18001.65 18001.65 18001.65 18001.65    -1.00 18001.65 18001.65 18001.65 18001.65 18001.65 18001.65 18001.65    -1.00 15923.01  1292.07 18000.36 18000.36 18000.36 18000.36    -1.00 15923.01 18000.36 18000.36 18000.36 18000.36    -1.00 18000.36 18000.36 18000.36 18000.36    -1.00  1481.51  7462.90 18000.04    -1.00  7462.90 18000.04    -1.00 18000.04    -1.00    -1.00
15976.10  6669.14 15976.10 18001.29 18002.91 18002.91 18002.91 18002.91 18002.91 15976.10  2427.10 18001.29 18002.91 18002.91 18002.91 18002.91 18002.91 15976.10 18001.29 18002.91 18002.91 18002.91 18002.91 18002.91 18001.29 18002.91 18002.91 18002.91 18002.91 18002.91 18002.91 18002.91 18002.91 18002.91 18002.91 18000.19 14719.66 14719.66    46.73 18000.19 18000.19 18000.19  9118.49 14719.66 14719.66
