13954.84 13954.84 13954.84 18000.83 18001.22 18001.22 18001.28 18001.22 18001.22  9356.61  4012.47 18000.83 18001.22 18001.22 18001.28 18001.22 18001.22  9356.61 18000.83 18001.22 18001.22 18001.28 18001.22 18001.22 18000.83 18001.22 18001.22 18001.28 18001.22 18001.22 18001.22 18001.22 18001.28 18001.22 18001.22  2594.57 18001.28  2594.57   311.86 18001.28   413.25  2594.57 18001.28 18001.28  2594.57
11865.43 18002.39  2028.72  4671.82 18002.39 18002.39 18002.39 18002.39 18002.39 18002.39 11865.43 11865.43 18002.39 18002.39 18002.39 18002.39 18002.39 18002.39 18002.39 18000.09 18000.09 18000.56 18000.09 18000.09  4671.82 18002.39 18002.39 18002.39 18002.39 18002.39 18002.39 18002.39 18002.39 18002.39 18002.39  6953.49 18000.56  1717.45  6953.49 18000.56  6953.49  4342.13 18000.56 18000.56  6953.49
14110.64 14110.64  9293.54  3390.04 18003.95 18000.26 18000.26 18000.26 18000.26  1039.29 14110.64 14110.64 18003.95 18000.26 18000.26 18000.26 18000.26 14110.64 14110.64 18003.95 18000.26 18000.26 18000.26 18000.26  9293.54 18003.95 18000.26 18000.26 18000.26 18000.26 18003.95 18000.26 18000.26 18000.26 18000.26 18003.95 18003.95 18003.95 18003.95 10682.49   994.62  2622.24 10682.49 10682.49  2622.24
 9987.20 18011.08  9987.20 18011.08 18000.14 18000.86 18000.14 18000.86 18000.14 18011.08  4678.16 18011.08 18000.14 18000.86 18000.14 18000.86 18000.14 18011.08  3715.36 18011.08 18011.08 18011.08 18011.08 18011.08 18011.08 18000.14 18000.86 18000.14 18000.86 18000.14 18011.08 18011.08 18011.08 18011.08 18011.08 18000.86 11836.72 18000.86  5473.55 18000.86  1391.89 18000.86 18000.86 11836.72 18000.86
18000.57 10574.94 10574.94 18000.57 18001.09 18001.09 18001.09 18001.09 18001.09 18000.57 18000.57  4737.27 18001.09 18001.09 18001.09 18001.09 18001.09  3857.22 18000.57 18001.09 18001.09 18001.09 18001.09 18001.09 18000.57 18001.09 18001.09 18001.09 18001.09 18001.09 18001.09 18001.09 18001.09 18001.09 18001.09 18000.13  2269.60  4167.48  8371.06 18000.13 18000.13 18000.13  4167.48  8371.06  8371.06
18000.35 18000.35 18000.35   830.98 18002.63 18002.63 18002.63 18002.63 18002.63  9660.50  9660.50 18000.35 18002.63 18002.63 18002.63 18002.63 18002.63  8694.45 18000.35 18002.63 18002.63 18002.63 18002.63 18002.63 18000.35 18002.63 18002.63 18002.63 18002.63 18002.63 18002.63 18002.63 18002.63 18002.63 18002.63  5939.13  5939.13  5939.13  5939.13    86.25  1187.51  1584.50  1187.51  1584.50  1584.50
15571.28  2668.09  2668.09 15571.28 18000.38 18000.38 18000.38 18000.38 18000.38 15571.28 15571.28 10204.38 18000.38 18000.38 18000.38 18000.38 18000.38   582.42 15571.28 18000.38 18000.38 18000.38 18000.38 18000.38 15571.28 18000.38 18000.38 18000.38 18000.38 18000.38 18000.38 18000.38 18000.38 18000.38 18000.38  6375.04 18000.22  6375.04 18000.22 18000.22  2362.00 18000.22 18000.22  8608.13 18000.22
 2424.28 18002.37  9689.12   382.44 18000.00 18000.19 18000.00 18000.00 18000.00 18002.37  9689.12  2424.28 18000.00 18000.19 18000.00 18000.00 18000.00 18002.37 18002.37 18002.37 18002.37 18002.37 18002.37 18002.37  9689.12 18000.00 18000.19 18000.00 18000.00 18000.00 18000.00 18000.19 18000.00 18000.00 18000.00 18000.19 12326.60  3045.75 12326.60 18000.19 18000.19 18000.19 12326.60  9775.47 12326.60
  971.59 18001.65 18001.65 18001.65 18001.65 18001.65 18001.65 18001.65 18001.65 18001.65 18001.65 18001.65 18001.65 18001.65 18001.65 18001.65 18001.65 15923.01  1292.07 18000.36 18000.36 18000.36 18000.36 18000.36 15923.01 18000.36 18000.36 18000.36 18000.36 18000.36 18000.36 18000.36 18000.36 18000.36 18000.36  1481.51  7462.90 18000.04   650.22  7462.90 18000.04  1481.51 18000.04  7462.90 18000.04
15976.10  6669.14 15976.10 18001.29 18002.91 18002.91 18002.91 18002.91 18002.91 15976.10  2427.10 18001.29 18002.91 18002.91 18002.91 18002.91 18002.91 15976.10 18001.29 18002.91 18002.91 18002.91 18002.91 18002.91 18001.29 18002.91 18002.91 18002.91 18002.91 18002.91 18002.91 18002.91 18002.91 18002.91 18002.91 18000.19 14719.66 14719.66    46.73 18000.19 18000.19 18000.19  9118.49 14719.66 14719.66
