20002.36 20002.36  2505.61 20003.74 20003.74 20003.74 20003.74  7250.63 20002.36 20003.74 20003.74 20003.74 20003.74 20002.36 20003.74 20003.74 20003.74 20003.74 20003.74 20003.74 20003.74 20003.74 20000.14  9862.73 20000.14 20000.14  1160.02 20000.14
 9442.80 20001.80 13012.64 20002.09 20002.09 20002.09 20001.80 20001.80 13012.64 20002.09 20002.09 20002.09 20001.80 20001.80 20002.09 20002.09 20002.09 20000.18 20002.09 20002.09 20002.09 20001.80    39.97  6984.20 20002.09  6984.20 20002.09 20002.09
10951.47 10951.47 10951.47 20002.26 20002.26 20002.26 20001.52  5760.50  5760.50 20002.26 20002.26 20002.26 20001.52  3100.43 20002.26 20002.26 20002.26 20001.52 20002.26 20002.26 20002.26 20001.52  3805.22  4606.26 20002.26  4606.26 20002.26 20002.26
 4550.13 10643.79 14295.09 20000.35 20000.04 20000.04 20000.04 10643.79 14295.09 20000.35 20000.04 20000.04 20000.04 14295.09 20000.35 20000.04 20000.04 20000.04 20000.35 20000.04 20000.04 20000.04 20000.35 20000.35 20000.35 10258.52 10258.52  2994.42
20001.29 20001.29 20001.29 20001.14 20000.31 20001.14 20000.31   469.64  6234.40 20001.29 20001.29 20001.29 20001.29  6234.40 20001.29 20001.29 20001.29 20001.29 20001.29 20001.29 20001.29 20001.29 20001.14  9813.77 20001.14 20001.14 14448.43 20001.14
 6772.58 20000.39 20000.39 20001.48 20001.48 20001.48 20000.20 20000.39 20000.39 20001.48 20001.48 20001.48 20000.20 12868.00 20001.48 20001.48 20001.48 20000.39 20001.48 20001.48 20001.48 20000.39  3257.05 20000.18 20001.48 20000.18 20001.48 20001.48
20000.15  4695.11  4695.11 20000.18 20002.63 20000.18 20000.18 20000.15 20000.15 20000.18 20002.63 20000.18 20000.18  3665.19 20000.18 20002.63 20000.18 20000.18 20000.18 20002.63 20000.18 20000.18 20002.63   208.95  1079.54 20002.63 20002.63  1079.54
18708.72 18708.72  3957.71 20002.56 20002.56 20001.07 20001.07  1875.99 18708.72 20002.56 20002.56 20001.07 20001.07 18708.72 20002.56 20002.56 20001.07 20001.07 20002.56 20002.56 20001.07 20001.07 11503.80 20002.56 20002.56 20002.56 20002.56 11307.91
20000.15 20000.15 20000.15 20000.34 20000.34 20001.85 20001.85 16281.05 16281.05 20000.34 20000.34 20001.85 20001.85   414.38 20000.34 20000.34 20001.85 20001.85 20000.34 20000.34 20001.85 20001.85 13676.72 20001.85 20001.85 20001.85 20001.85 19159.18
 3620.70 19355.20  3620.70 20002.82 20002.82 20002.82 20002.82 19355.20  2674.50 20002.82 20002.82 20002.82 20002.82 19355.20 20002.82 20002.82 20002.82 20002.82 20002.82 20002.82 20002.82 20002.82 20000.09 20000.09 20000.09  3397.84  2453.32  3397.84
 9936.54  3225.15 20001.70 20003.70 20003.70 20003.70 20003.70  9936.54 20001.70 20003.70 20003.70 20003.70 20003.70 20001.70 20003.70 20003.70 20003.70 20003.70 20003.70 20003.70 20003.70 20003.70 19073.93 19073.93 19073.93 15949.22 15949.22   210.55
11288.83  5887.97 11288.83 20000.74 20004.10 20000.74 20000.74 11288.83  7273.55 20000.74 20004.10 20000.74 20000.74 11288.83 20000.74 20004.10 20000.74 20000.74 20000.74 20004.10 20000.74 20000.74 20004.10  6568.80  6568.80 20004.10 20004.10   209.32
12521.06  6234.48  3769.45 20000.17 20000.17 20004.95 20004.95 12521.06 12521.06 20000.17 20000.17 20004.95 20004.95  6234.48 20000.17 20000.17 20004.95 20004.95 20000.17 20000.17 20004.95 20004.95  3200.28 20004.95 20004.95 20004.95 20004.95 17936.09
17083.34  9014.11 20000.04 20004.38 20004.38 20004.38 20004.38 17083.34 20000.04 20004.38 20004.38 20004.38 20004.38 20000.04 20004.38 20004.38 20004.38 20004.38 20004.38 20004.38 20004.38 20004.38 11528.00 11528.00 11528.00  9104.30  7286.35  9104.30
20000.04 20000.04 20000.04 20002.09 20002.09 20002.09 20002.09  9775.82  6719.04 20002.09 20002.09 20002.09 20002.09  9775.82 20002.09 20002.09 20002.09 20002.09 20002.09 20002.09 20002.09 20002.09  4200.83  5009.51  4549.34  5009.51  4549.34  5009.51
20003.03  3093.70 20003.03 20003.03 20003.03 20003.03 20000.53 20003.03  8434.43 20001.76 20001.76 20001.76 20003.03 20003.03 20003.03 20003.03 20003.03 20000.53 20001.76 20001.76 20001.76 20003.03 20000.12 17440.27 20003.03 20000.12 20003.03 20003.03
11832.30 20003.55  8355.17 20003.55 20000.49 20000.49 20000.99 20003.55 11832.30 20003.55 20000.49 20000.49 20000.99 20003.55 20000.70 20003.55 20003.55 20003.55 20003.55 20000.49 20000.49 20000.99 20003.55 20003.55 20003.55 11307.16 20000.99 20000.99
 8001.07  2215.15  8001.07 20001.92 20001.92 20001.92 20001.92  8001.07   558.88 20001.92 20001.92 20001.92 20001.92  8001.07 20001.92 20001.92 20001.92 20001.92 20001.92 20001.92 20001.92 20001.92  1583.37  4766.54 20000.16  4766.54 20000.16 20000.16
 6561.20  2162.05 17722.17 20001.55 20001.55 20008.78 20008.78  6561.20 17722.17 20001.55 20001.55 20008.78 20008.78 17722.17 20001.55 20001.55 20008.78 20008.78 20001.55 20001.55 20008.78 20008.78 15733.00 20008.78 20008.78 20008.78 20008.78 20000.11
20000.04 20000.04 20000.04 20002.37 20002.37 20002.37 20002.37  8473.49  8473.49 20002.37 20002.37 20002.37 20002.37  6416.15 20002.37 20002.37 20002.37 20002.37 20002.37 20002.37 20002.37 20002.37  4414.90  8504.79  8504.79  8504.79  8504.79   747.64
