18000.48  7544.62  1366.32 18000.80 18000.48 18000.80 18000.48 18000.48 18000.48 18000.80 18000.40 18000.80 18000.40  7544.62 18000.80 18000.48 18000.80 18000.48 18000.80 18000.48 18000.80 18000.48 18000.80 11928.14 18000.80 18000.80  4922.38 18000.80
 1598.03 18002.25 18002.25 18001.38 18000.08 18000.08 18000.08 18002.25 18002.25 18001.38 18000.08 18000.08 18000.08  4451.33 18002.25 18002.25 18002.25 18002.25 18002.25 18002.25 18002.25 18002.25 18001.38 18001.38 18001.38 10910.83 10910.83   575.93
13395.66 13395.66 18000.78 18003.40 18000.75 18003.40 18000.75  5974.40 18000.78 18003.40 18000.75 18003.40 18000.75 18000.78 18003.40 18000.75 18003.40 18000.75 18003.40 18000.78 18003.40 18000.78 18003.40 12236.97 18003.40 18003.40   310.59 18003.40
 1681.69  3993.88 15322.63 18000.43 18001.19 18000.43 18001.19  3993.88 15322.63 18000.43 18001.19 18000.43 18001.19 15322.63 18000.43 18001.19 18000.43 18001.19 18000.43 18001.19 18000.43 18001.19 18001.19  3311.85 18001.19 18001.19 14860.81 18001.19
18001.19  1061.57  8387.02 18001.19 18001.19 18000.12 18000.12 18001.19 18001.19 18000.22 18000.22 18001.19 18001.19  8387.02 18001.19 18001.19 18000.12 18000.12 18001.19 18001.19 18000.12 18000.12   413.76 18001.19 18001.19 18001.19 18001.19  5715.37
10391.48 17166.90 17166.90 18000.19 18000.19 18000.19 18000.19 17166.90 17166.90 18000.19 18000.19 18000.19 18000.19   190.68 18000.19 18000.19 18000.19 18000.19 18000.19 18000.19 18000.19 18000.19 16648.59   155.19 16648.59 16648.59  7340.32 16648.59
 6235.26 18000.04 18000.04 18004.27 18000.38 18000.25 18000.25 18000.04 18000.04 18004.27 18000.38 18000.25 18000.25  1042.67 18004.27 18000.38 18000.25 18000.25 18004.27 18000.38 18000.25 18000.25 18004.27 18004.27 18004.27 18000.38 18000.38 10201.45
18007.02 18007.02  1621.88 18000.60 18000.60 18000.60 18000.60 17208.72 18007.02 18007.02 18007.02 18007.02 18007.02 18007.02 18007.02 18007.02 18007.02 18007.02 18000.60 18000.60 18000.60 18000.60 18000.01 18000.58 18000.58 18000.58 18000.58   835.90
18000.07 18000.99 12375.36 18000.61 18000.61 18000.61 18000.99 18000.99 18000.07 18000.61 18000.61 18000.61 18000.99 18000.99 18000.99 18000.99 18000.99 18000.05 18000.61 18000.61 18000.61 18000.99  3084.06  8413.11 18000.99  8413.11 18000.99 18000.99
18001.99 18002.81 10843.31 18001.99 18002.81 18002.81 18002.81 18002.81 18001.99 18000.42 18002.81 18002.81 18002.81 18002.81 18002.81 18001.47 18001.47 18001.47 18001.99 18002.81 18002.81 18002.81 18002.81 18002.81 18002.81  7216.43  7216.43   159.17
