3 12
4
4
4


19812.58  8179.72    -1.00 20000.39 20000.39 20000.39 20000.39    -1.00 20000.91 20000.91 20000.91 19812.58    -1.00 20000.39 20000.39 20000.39 20000.39    -1.00 20000.91 20000.91 20000.91    -1.00 20000.39 20000.39 20000.39 20000.39    -1.00 20000.91 20000.91 20000.91    -1.00    -1.00    -1.00    -1.00    -1.00    -1.00    -1.00    -1.00 14675.29  1984.59 12459.28    -1.00 20000.91 20000.91 20000.91 14675.29 14675.29    -1.00 20000.91 20000.91 20000.91 12459.28    -1.00 20000.91 20000.91 20000.91    -1.00 20000.91 20000.91 20000.91    -1.00    -1.00    -1.00  5620.04 13110.14 13110.14
 3722.80    -1.00  5719.20 20009.13 20009.13 20009.13    -1.00 20000.95 17267.84 20000.95 20000.95    -1.00  5719.20 20009.13 20009.13 20009.13    -1.00 20000.95 17267.84 20000.95 20000.95    -1.00    -1.00    -1.00    -1.00    -1.00    -1.00    -1.00    -1.00    -1.00 20009.13 20009.13 20009.13    -1.00 20000.95 17267.84 20000.95 20000.95 20000.46 20000.46    -1.00 20009.13 20009.13 20009.13 20009.13  1447.76    -1.00 20009.13 20009.13 20009.13 20009.13    -1.00 20009.13 20009.13 20009.13 20009.13    -1.00    -1.00    -1.00    -1.00 20000.95  8172.37  8172.37 20000.95 20000.95  2763.75
 7871.26  7871.26  7871.26 20004.21 20004.21    -1.00 20004.21 16643.51    -1.00 20004.21 16643.51  3318.75  5486.62 20004.21 20004.21    -1.00 20004.21 16643.51    -1.00 20004.21 16643.51  5486.62 20004.21 20004.21    -1.00 20004.21 16643.51    -1.00 20004.21 16643.51 20004.21 20004.21    -1.00 20004.21 16643.51    -1.00 20004.21 16643.51 20000.56    -1.00  1165.92 20004.21    -1.00 20001.40 20004.21    -1.00 20000.56 20004.21    -1.00 20001.40 20004.21    -1.00    -1.00    -1.00    -1.00    -1.00 20004.21    -1.00 20001.40 20004.21    -1.00 20004.21 13508.74    -1.00    -1.00 20004.21
20001.39 20000.45 10171.36    -1.00 20000.45    -1.00 20000.45 20001.39  6237.14  6237.14  6237.14 20001.39 20001.39    -1.00 20001.39    -1.00 20001.39  5507.98 20001.39 20001.39 20001.39 20000.45    -1.00 20000.28    -1.00 20000.28 20001.39 20000.45 20000.45 20000.45    -1.00 20000.45    -1.00 20000.45 20001.39 10171.36 10171.36 10171.36    -1.00    -1.00    -1.00    -1.00    -1.00    -1.00    -1.00    -1.00 18227.76 20001.39 20000.45 20000.45 20000.45    -1.00    -1.00    -1.00    -1.00    -1.00 20001.39 20000.45 20000.45 20000.45 20001.39 20001.39 20001.39  2216.98   262.32  2216.98
20001.69 20001.69  5874.20 20001.69 20001.69 20001.69 20001.69 20001.69 20001.69 20001.69    -1.00  7062.60 20001.69 20001.16 20001.16 20001.16 20001.16 20000.79 18232.98 18232.98    -1.00 20001.69 20001.16 20001.16 20001.16 20001.16 20000.79 18232.98 18232.98    -1.00 20001.69 20001.69 20001.69 20001.69 20001.69 20001.69 20001.69    -1.00 17958.05 17958.05 17958.05 20001.16 20001.16 20001.16    -1.00  4957.83  4943.28 20001.16 20001.16 20001.16    -1.00  4957.83 20001.16 20001.16 20001.16    -1.00 20001.16 20001.16 20001.16    -1.00 20000.79 20000.79    -1.00   286.13    -1.00    -1.00
16750.33  4143.29  4143.29 20001.03 20001.03    -1.00 20002.71 16750.33 20002.71 16750.33 16750.33 16750.33 16750.33 20001.03 20001.03    -1.00 20002.71  6600.25 20002.71  6600.25 15768.35  1666.71 20001.03 20001.03    -1.00 20002.71 16750.33 20002.71 16750.33 16750.33 20001.03 20001.03    -1.00 20002.71 16750.33 20002.71 16750.33 16750.33  6227.21    -1.00 20002.71 20001.03 20002.71 20001.03 20001.03    -1.00 20002.71 20001.03 20002.71 20001.03 20001.03    -1.00    -1.00    -1.00    -1.00    -1.00 20002.71 20000.25 20002.71 20002.71 20002.71  1511.16 15768.35 20002.71 20002.71 15768.35
20003.41    -1.00 20003.41 20000.10 20000.10 20000.10 20000.10 20000.10    -1.00 15168.09  8521.75    -1.00  6220.85 20003.41 20003.41 20003.41 20003.41 20003.41    -1.00 20003.41 20003.41    -1.00    -1.00    -1.00    -1.00    -1.00    -1.00    -1.00    -1.00    -1.00 20003.41 20003.41 20003.41 20003.41 20003.41    -1.00 20003.41 20003.41 20000.09 18980.08 18980.08 20000.09    -1.00 20000.10 20000.10 20000.09 20000.09 20000.02    -1.00 20000.10 20000.10  3767.92 20000.09    -1.00 20000.10 20000.10 20000.09    -1.00 20000.10 20000.10    -1.00 20000.10 20000.10    -1.00    -1.00 15168.09
 6735.46 20001.30 20000.42 20000.42 20000.42 20000.42 20000.02 20001.30 20006.12 20000.42  5483.49 20001.30 20000.42 20000.42 20000.42 20000.42 20000.02 20001.30 20006.12 20000.42  6735.46 20001.30 20001.30 20001.30 20001.30 20001.30 20000.16 20006.12 20001.30 20001.30 20000.31 20000.31 20000.31 20000.42 20001.30 20006.12  6848.16 20000.42  3473.37 16392.31 20000.42 20001.30 20006.12 20000.31 20000.42 16392.31 20000.42 20001.30 20006.12 20000.31 20000.42 20000.42 20001.30 20006.12 20000.31 20000.42 20001.30 20006.12 20000.42 20000.02 20006.12 20001.30 20001.30 20006.12 20006.12 20000.42
 8161.21  8161.21    -1.00 20008.56 20000.56    -1.00    -1.00  8389.58  8389.58  8161.21 10408.82   380.83    -1.00 20008.56 20000.56    -1.00    -1.00  8389.58  8389.58  6777.64 10408.82    -1.00 20008.56 20000.56    -1.00    -1.00  8389.58  8389.58  6777.64 10408.82    -1.00    -1.00    -1.00    -1.00    -1.00    -1.00    -1.00    -1.00 20008.56    -1.00    -1.00 20008.56 20008.56 20008.56 20008.56    -1.00    -1.00 20000.56 20000.56 20000.56 20000.56    -1.00    -1.00    -1.00    -1.00    -1.00    -1.00    -1.00    -1.00    -1.00  4140.45  8389.58 10408.82  8389.58 10408.82 10408.82
 7437.99 18519.92   831.56    -1.00    -1.00 20004.35 20004.35 11150.18  9523.95 18519.92 18519.92 18519.92  7437.99    -1.00    -1.00 20004.35 20004.35 11150.18  9523.95 18519.92 18519.92 18519.92    -1.00    -1.00 20004.35 20004.35 18519.92 18519.92  7876.67  7876.67    -1.00    -1.00 20004.35 20004.35 11150.18  9523.95 18519.92 18519.92    -1.00    -1.00    -1.00    -1.00    -1.00    -1.00    -1.00    -1.00    -1.00    -1.00    -1.00    -1.00    -1.00 14057.81 20004.35 20004.35 20004.35 20004.35 20004.35 20004.35 20004.35 20004.35 11150.18 18519.92 18519.92 18519.92 18519.92  4160.06
20000.46  3379.24 20000.46 20000.64 20000.64 20000.64 20000.64 20000.46 20000.46 20000.46 20000.46 20000.46  4898.90 20000.64 20000.64 20000.64 20000.64 13392.92 13392.92 13392.92 13392.92 20000.46 20000.64 20000.64 20000.64 20000.64 20000.46 20000.46 20000.46 20000.46 20000.64 20000.64 20000.64 20000.64 13392.92 13392.92 13392.92 13392.92 14345.41 17112.69 17112.69 20000.64 20000.64 20000.64 20000.64 17112.69 17112.69 20000.64 20000.64 20000.64 20000.64 16488.34 20000.64 20000.64 20000.64 20000.64 20000.64 20000.64 20000.64 20000.64  5677.37  2853.74  5538.15  5677.37  5677.37  5538.15
20002.56 20002.56 20002.56    -1.00 20000.76 20000.76 20002.56    -1.00    -1.00    -1.00 20002.56  8322.40 13588.07    -1.00 20002.56 20002.56 20000.42    -1.00    -1.00    -1.00 20000.42 13588.07    -1.00 20002.56 20002.56 20000.42    -1.00    -1.00    -1.00 20000.42    -1.00 20002.56 20002.56 20000.42    -1.00    -1.00    -1.00 20000.42    -1.00    -1.00    -1.00    -1.00    -1.00    -1.00    -1.00  3374.48 20002.56    -1.00    -1.00    -1.00 20002.56 20002.56    -1.00    -1.00    -1.00 20002.56    -1.00    -1.00    -1.00 20000.01    -1.00    -1.00    -1.00    -1.00    -1.00    -1.00
   -1.00  2157.48    -1.00 20000.68 20000.68    -1.00 20000.68 20000.68    -1.00 20002.34 20000.68    -1.00    -1.00    -1.00    -1.00    -1.00    -1.00    -1.00    -1.00    -1.00    -1.00    -1.00 20000.68 20000.68    -1.00 20000.68 20000.68    -1.00 20002.34 20000.68    -1.00    -1.00    -1.00    -1.00    -1.00    -1.00    -1.00    -1.00  4055.77    -1.00  1577.66 20000.04    -1.00 20002.34 20000.04    -1.00  4055.77 20000.04    -1.00 20002.34 20000.04    -1.00    -1.00    -1.00    -1.00    -1.00 20000.04    -1.00 20002.34 20000.04    -1.00 20002.34  5303.51    -1.00    -1.00 20002.34
20000.68 12230.46   607.23 20001.43 20001.43 20001.43 20001.43 20000.68 12230.46 12230.46 20000.68 20000.68 20000.68 20001.43 20001.43 20001.43 20001.43 11805.30 20000.68 20000.68  7807.04 12230.46 20001.43 20001.43 20001.43 20001.43 20000.68  5353.50  7002.61 20000.68 20001.43 20001.43 20001.43 20001.43 20000.68 12230.46 12230.46 20000.68  5954.13 14138.40  9049.26 20001.43 20001.43 20001.43 20001.43 14138.40  9049.26 20001.43 20001.43 20001.43 20001.43 14138.40 20001.43 20001.43 20001.43 20001.43 20001.43 20001.43 20001.43 20001.43 20000.68 20000.68 11805.30  7002.61 20000.68 20000.68
 7482.32 20003.28 20003.28 20000.28 20003.28 20003.28 20003.28 20003.28 20003.28 20003.28 20003.28 20003.28 20003.28 20000.28 20003.28 20003.28 20003.28 20003.28 20003.28 20003.28 20003.28 17030.70 20003.28 20000.72 20000.72 20000.72 17030.70 17030.70 17030.70 17030.70 20003.28 20000.72 20000.72 20000.72 16568.31 16568.31 16568.31 16568.31 20003.28 20003.28 20003.28 20003.28 20003.28 20003.28 20003.28  5287.12  1851.50 20000.72 20000.72 20000.72 20000.72  5287.12 20000.72 20000.72 20000.72 20000.72 20000.72 20000.72 20000.72 20000.72  3103.05  4065.72  4573.95  4065.72  4573.95  4573.95
12525.74 12525.74 12525.74 20000.27 20000.13 20000.13 20000.27  6432.26 12525.74 12525.74    -1.00  7847.89  7847.89 20000.27 20000.13 20000.13 20000.27 12525.74 11227.51  7847.89    -1.00  6080.81 20000.27 20000.13 20000.13 20000.27 12525.74 11227.51  6080.81    -1.00 20000.27 20000.13 20000.13 20000.27 12525.74 11227.51  5678.43    -1.00 20000.27 20000.27   157.11 20000.27 20000.27 20000.27    -1.00 19048.37 20000.27 20000.13 20000.13 20000.13    -1.00 20000.27 20000.13 20000.13 20000.13    -1.00 20000.27 20000.27 20000.27    -1.00 12525.74 12525.74    -1.00 11227.51    -1.00    -1.00
16561.88 16561.88 16561.88 20000.17    -1.00 20000.17 20000.17 16561.88    -1.00 16561.88  5455.79  1844.20   552.16 20000.17    -1.00 20000.17 20000.17  9381.97    -1.00  9381.97 16561.88  1844.20 20000.17    -1.00 20000.17 20000.17  9381.97    -1.00  9381.97 16561.88 20000.17    -1.00 20000.17 20000.17  9381.97    -1.00  9381.97 16561.88    -1.00  1671.27  7684.93 20000.17    -1.00 20000.17 20000.17    -1.00    -1.00    -1.00    -1.00    -1.00    -1.00  7684.93 20000.17    -1.00 20000.17 20000.17 20000.17    -1.00 20000.17 20000.17    -1.00   771.26 16561.88    -1.00    -1.00 16561.88
20000.90 20000.90 20000.90 20001.99 20001.99 20001.99    -1.00 20000.90  5511.19 20000.90 20000.90  7746.65  2998.43 20001.99 20001.99 20001.99    -1.00  7746.65 20000.90  7746.65 12388.95  7746.65 20001.99 20001.99 20001.99    -1.00  4992.61 20000.90  4992.61 12388.95 20001.99 20001.99 20001.99    -1.00  7746.65 20000.90  7746.65 12388.95  8917.80  4578.19    -1.00 20001.99 20001.99 20001.99 20001.99  8917.80    -1.00 20001.99 20001.99 20001.99 20001.99    -1.00 20001.99 20001.99 20001.99 20001.99    -1.00    -1.00    -1.00    -1.00 20000.90  1507.37 12388.95 20000.90 20000.90 12388.95
18702.97  1577.11 15716.19 20001.04 20001.04 20001.04 20001.04    -1.00    -1.00 18702.97 15716.19 18702.97 18702.97 20001.04 20001.04 20001.04 20001.04    -1.00    -1.00  7851.38 18702.97 15716.19 20001.04 20001.04 20001.04 20001.04    -1.00    -1.00 18702.97 15716.19 20001.04 20001.04 20001.04 20001.04    -1.00    -1.00 18702.97  8068.76 20000.59 20000.59 20000.59    -1.00    -1.00 20001.04 20001.04   751.56  4807.13    -1.00    -1.00 20001.04 20001.04  4807.13    -1.00    -1.00 20001.04 20001.04    -1.00    -1.00 20001.04 20001.04    -1.00    -1.00    -1.00    -1.00    -1.00 18702.97
20003.37  1027.75  9210.98 20000.53 20002.16 20000.53 20000.53 20003.37 20003.37 20003.37 20003.37 20003.37 20003.37 20003.37 20003.37 20003.37 20003.37 11116.20 13550.10 17340.28 13550.10  9210.98 20000.53 20002.16 20000.53 20000.53 20003.37 20003.37 20003.37 20003.37 20000.53 20002.16 20000.53 20000.53 20003.37 20003.37 20003.37 20003.37 20002.16  1221.22  1221.22 20003.37 20003.37 20003.37 20003.37 20002.16 20002.16 20003.37 20003.37 20003.37 20003.37   586.30 20003.37 20003.37 20003.37 20003.37 20003.37 20003.37 20003.37 20003.37 13550.10 17340.28 13550.10 17340.28  9184.13 17340.28
