3 15
5
5
5


18002.71    -1.00 18000.05  3385.35 18000.47 18000.47 18002.71 18002.71 18000.47 18002.71 18002.71    -1.00 18000.47 18002.71    -1.00 18002.71 18002.71 18002.71 18002.71 18001.25 18001.25 18002.71 18001.25 18001.25    -1.00 18002.71 18001.25    -1.00    -1.00    -1.00    -1.00    -1.00    -1.00    -1.00    -1.00    -1.00    -1.00    -1.00    -1.00 18000.05 18000.47 18000.47 18002.71 18002.71 18000.47 18002.71 18002.71    -1.00 18000.47 18002.71 18000.47 18000.47 18002.71 18002.71 18000.47 18002.71 18002.71    -1.00 18000.47 18002.71  3142.76 18002.71 18002.71   833.28 18002.71 18002.71    -1.00 11514.80 18002.71 18002.71 18002.71  3142.76 18002.71 18002.71    -1.00 11514.80 18002.71  5253.98 18002.71 14840.53 14840.53    -1.00 18002.71 18000.27 18002.71 14840.53 14840.53    -1.00 18002.71 18000.27 18002.71 18002.71    -1.00 11514.80 18002.71  5420.12    -1.00 18002.71 18000.27    -1.00 18002.71 18000.27    -1.00    -1.00 18002.71
   -1.00    -1.00    -1.00    -1.00    -1.00    -1.00    -1.00    -1.00    -1.00    -1.00    -1.00    -1.00    -1.00    -1.00  7912.66    -1.00 18001.37 18006.14    -1.00 18008.85 18008.85 18008.85 18008.85 18008.85 18008.85 18008.85    -1.00    -1.00 18001.37 18006.14    -1.00 18008.85 18008.85 18008.85 18008.85 18008.85 18008.85 18008.85    -1.00    -1.00    -1.00    -1.00    -1.00    -1.00    -1.00    -1.00    -1.00    -1.00    -1.00    -1.00 18006.14    -1.00 18008.85 18008.85 18008.85 18008.85 18008.85 18008.85 18008.85    -1.00    -1.00 18008.85 18008.85 18008.85 18008.85 18008.85 18008.85 18008.85    -1.00    -1.00    -1.00    -1.00    -1.00    -1.00    -1.00    -1.00    -1.00  1986.05  9267.57 18001.01  8464.14  8464.14  8464.14    -1.00  9267.57 18001.01  8464.14  8464.14  8464.14    -1.00 18001.01  9267.57  9267.57  9267.57    -1.00 18001.01 18001.01 18001.01    -1.00   876.51  2554.36    -1.00  2554.36    -1.00    -1.00
 3484.19  1414.07  8811.17  8811.17 18001.53 18001.53 18006.40 18006.40 18001.53 18001.53 18001.37 18001.53 18001.53 18001.53  3484.19  8811.17  8811.17 18001.53 18001.53 18006.40 18006.40 18001.53 18001.53 18001.37 18001.53 18001.53 18001.53  8811.17  8811.17 18001.53 18001.53 18006.40 18006.40 18001.53 18001.53 18001.37 18001.53 18001.53 18001.53  3445.42 18001.53 18001.53 18006.40 18006.40 18001.53 18001.53 18001.37 18001.53 18001.53 18001.53 18001.53 18001.53 18006.40 18006.40 18001.53 18001.53 18001.37 18001.53 18001.53 18001.53  1140.80 18006.40 18006.40  7034.49 18000.93 18001.53 18000.93 18000.93 18000.93 18006.40 18006.40  7034.49 18000.93 18001.53 18000.93 18000.93 18000.93  1124.80 18006.40 18006.40 18006.40 18006.40 18006.40 18006.40 18006.40 18006.40 18006.40 18006.40 18006.40 18006.40 18000.93 18001.53 18000.93 18000.93 18000.93 18001.53 13495.04  2968.77  2968.77 18001.53 18001.53 18001.53 13495.04 13495.04  2335.53
   -1.00 18000.83 18001.14 18001.14    -1.00 18000.22    -1.00 18000.22 18002.49 18000.83 18002.49 18000.83 18000.83 18002.49    -1.00    -1.00    -1.00    -1.00    -1.00    -1.00    -1.00    -1.00    -1.00    -1.00    -1.00    -1.00    -1.00 18001.14 18001.14    -1.00 18000.83    -1.00 18000.83 18002.49 18000.41 18002.49 18000.41 18000.41 18002.49  4477.12    -1.00 18001.14    -1.00 18001.14 18002.49 18001.14 18002.49 18001.14 18001.14 18002.49    -1.00 18001.14    -1.00 18001.14 18002.49 18001.14 18002.49 18001.14 18001.14 18002.49    -1.00    -1.00    -1.00    -1.00    -1.00    -1.00    -1.00    -1.00    -1.00    -1.00  3521.52 18002.49 18000.83 18002.49 18000.83 18000.83 18002.49    -1.00    -1.00    -1.00    -1.00    -1.00    -1.00    -1.00 18002.49 18000.83 18002.49 18000.83 18000.83 18002.49 18002.49 11581.02 18002.49 18002.49 11581.02 18002.49  4849.11  4849.11 18002.49 18002.49 18002.49  2648.24  3102.24 18002.49 18002.49
   -1.00 18000.64 18000.64 18000.64 18000.78 18000.78    -1.00 18000.37 18000.64 18000.64 18000.11 18000.78    -1.00 18000.11    -1.00    -1.00    -1.00    -1.00    -1.00    -1.00    -1.00    -1.00    -1.00    -1.00    -1.00    -1.00    -1.00  7927.30  5956.54 18000.78 18000.78    -1.00 18000.64 18000.39 18000.39 18000.64 18000.78    -1.00 18000.64  7927.30 18000.78 18000.78    -1.00 18000.64 18000.39 18000.39 18000.64 18000.78    -1.00 18000.64 18000.78 18000.78    -1.00 18000.64 18000.39 18000.39 18000.64 18000.78    -1.00 18000.64   902.00    -1.00 18000.78 18000.78 18000.78 18000.78 14357.06    -1.00 18000.78    -1.00 18000.78 18000.78 18000.78 18000.78 14357.06    -1.00 18000.78    -1.00    -1.00    -1.00    -1.00    -1.00    -1.00    -1.00 18000.64 18000.64 18000.37 18000.78    -1.00 18000.37  8583.35 18000.64 18000.78    -1.00 18000.64 18000.64 18000.78    -1.00 18000.64 18000.78    -1.00  9077.20    -1.00 18000.78    -1.00
17840.80  9863.66  9863.66  5104.39 18000.41 18002.27 18000.41 18001.46 18001.46 18001.46 18001.46    -1.00 18001.46 18001.46 17840.80 17840.80 17840.80 18000.41 18002.27 18000.41 18001.46 18001.46 18001.46 18001.46    -1.00 18001.46 18001.46   292.81  9863.66 18000.41 18002.27 18000.41 18001.46 18001.46 18001.46 18001.46    -1.00 18001.46 18001.46  9863.66 18000.41 18002.27 18000.41 18001.46 18001.46 18001.46 18001.46    -1.00 18001.46 18001.46 18000.41 18002.27 18000.41 18001.46 18001.46 18001.46 18001.46    -1.00 18001.46 18001.46 18002.27  2318.58 18001.46 18001.46 18001.46 18001.46    -1.00 18001.46 18001.46 18002.27 18002.27 18002.27 18002.27 18002.27    -1.00 18002.27 18002.27 18001.46 18001.46 18001.46 18001.46    -1.00 18001.46 18001.46   869.05  8153.00  8569.14    -1.00  8153.00 13252.43  8153.00  8569.14    -1.00  8153.00 13252.43  8569.14    -1.00  3244.64 13252.43    -1.00  8569.14 13252.43    -1.00    -1.00 13252.43
18003.83  9130.18 13518.64 18003.83    -1.00 18000.58 18000.58 18000.58 18000.58 18000.58 18000.58    -1.00 18000.58 18000.58 18003.83 18003.83  6883.31    -1.00 18003.83 18003.83 18003.83 18003.83 18003.83 18003.83    -1.00 18003.83 18003.83 13518.64 18003.83    -1.00 18000.58 18000.58 18000.58 18000.58 18000.58 18000.58    -1.00 18000.58 18000.58 18003.83    -1.00 18000.58 18000.58 18000.58 18000.58 18000.58 18000.58    -1.00 18000.58 18000.58    -1.00 18003.83 18003.83 18003.83 18003.83 18003.83 18003.83    -1.00 18003.83 18003.83    -1.00    -1.00    -1.00    -1.00    -1.00    -1.00    -1.00    -1.00    -1.00 12865.64  9849.80 12865.64  9849.80 18000.18    -1.00  9849.80 18000.18 12865.64  4387.00 12865.64 18000.18    -1.00 12865.64 18000.18 12865.64  7752.64 18000.18    -1.00  7752.64 18000.18 12865.64 18000.18    -1.00 12865.64 18000.18 18000.18    -1.00  4131.14 18000.18    -1.00 18000.18  9753.90    -1.00    -1.00 18000.18
18000.40 18000.40 18000.40  5394.85 18009.39 18009.39 18009.39 18009.39    -1.00 18009.39 18009.39 18009.39 18009.39 18009.39   677.85 17624.95 18000.40 18009.39 18009.39 18009.39 18009.39    -1.00 18009.39 18009.39 18009.39 18009.39 18009.39 17624.95 18000.40 18009.39 18009.39 18009.39 18009.39    -1.00 18009.39 18009.39 18009.39 18009.39 18009.39 18000.40 18009.39 18009.39 18009.39 18009.39    -1.00 18009.39 18009.39 18009.39 18009.39 18009.39 18009.39 18009.39 18009.39 18009.39    -1.00 18009.39 18009.39 18009.39 18009.39 18009.39 18003.23 18003.23 18003.23    -1.00 10172.89 18003.23 18003.23 18003.23 18003.23 15480.73 15480.73    -1.00 18003.23 18000.35 18000.35 18000.35 18000.35  3767.59    -1.00 18003.23 18000.35 18000.35 18000.35 18000.35    -1.00 18003.23 18000.35 18000.35 18000.35 18000.35    -1.00    -1.00    -1.00    -1.00    -1.00 18003.23 18003.23 18003.23 18003.23   664.74  6520.40  1749.96  6520.40  1749.96  6520.40
16459.15 15966.85 15966.85 15966.85    -1.00 18001.55 18001.55 18001.55    -1.00    -1.00 18001.55 18001.55 18001.55 18001.55 16459.15 16459.15 16459.15    -1.00 18001.55 18001.55 18001.55    -1.00    -1.00 18001.55 18001.55 18001.55 18001.55  6694.23  3191.32    -1.00 18001.55 18001.55 18001.55    -1.00    -1.00 18001.55 18001.55 18001.55 18001.55  6694.23    -1.00 18001.55 18001.55 18001.55    -1.00    -1.00 18001.55 18001.55 18001.55 18001.55    -1.00 18001.55 18001.55 18001.55    -1.00    -1.00 18001.55 18001.55 18001.55 18001.55    -1.00    -1.00    -1.00    -1.00    -1.00    -1.00    -1.00    -1.00    -1.00 18000.07 18000.07    -1.00    -1.00 18000.84 11047.33 11047.33 18000.84   886.67    -1.00    -1.00 18000.84 18000.07 18000.07 18000.84    -1.00    -1.00 18000.84 18000.07 18000.07 18000.84    -1.00    -1.00    -1.00    -1.00    -1.00    -1.00    -1.00    -1.00    -1.00 18000.84 18000.84 12230.46  6202.98 18000.84 18000.84
18003.55    -1.00 18007.13 18003.55 18003.55    -1.00 18003.55 18003.55 18003.55 18007.13 18007.13 18003.55 18007.13 18007.13    -1.00 18007.13  2701.01 18000.48    -1.00 18000.55 18000.48 18000.55 18007.13 18007.13 18000.55 18007.13 18007.13    -1.00    -1.00    -1.00    -1.00    -1.00    -1.00    -1.00    -1.00    -1.00    -1.00    -1.00    -1.00 18007.13 18007.13    -1.00 18007.13 18007.13 18007.13 18000.94 18000.94 18007.13 18000.94 18000.94 18000.48    -1.00 18000.55 18000.48 18000.55 18007.13 18007.13 18000.55 18007.13 18007.13    -1.00 18000.55  4672.39 18000.55 18007.13 18007.13 18000.55 18007.13 18007.13    -1.00    -1.00    -1.00    -1.00    -1.00    -1.00    -1.00    -1.00 18000.55  6856.75 18007.13 18007.13 15665.38 18007.13 18007.13 18000.55 18007.13 18007.13 18000.55 18007.13 18007.13 18007.13 18007.13 15665.38 18007.13 18007.13 14510.17 18007.13 14247.08   272.36 18007.13 14510.17 14510.17 18007.13 18007.13 14247.08
