14001.00 14001.00 14001.00 14001.15 14001.15 14001.15 14001.15  2132.92  2132.92 14001.15 14001.15 14001.15 14001.15  1647.99 14001.15 14001.15 14001.15 14001.15 14001.15 14001.15 14001.15 14001.15  7822.20  6231.19  6231.19  7822.20  7822.20  2409.36
14001.02 11756.47  3488.66 14001.02 14000.36 14000.36 14001.02 14001.02 14001.02 14000.98 14001.02 14001.02 14000.81 11756.47 14001.02 14000.36 14000.36 14001.02 14001.02 14000.36 14000.36 14001.02 14001.02 14001.02 14000.98  2383.36 14001.02 14001.02
14001.26 14001.26 14001.26 14000.14 14001.26 14001.26 14001.26 10511.70  2448.93 14001.26 14000.65 14000.65 14000.19 10511.70 14001.26 14000.65 14000.65 14000.19 14001.26 14000.65 14000.65 14000.19 14001.26 14001.26 14001.26 10204.35 14000.65 14000.65
14000.19 13006.41 14000.19 14000.29 14000.29 14004.33 14004.33 14000.19 14000.11 14000.29 14000.29 14004.33 14004.33 14000.19 14000.29 14000.29 14004.33 14004.33 14000.29 14000.29 14004.33 14004.33  5637.44 14004.33 14004.33 14004.33 14004.33  5054.06
10451.10  7244.06   321.68 14001.27 14005.55 14005.55 14005.55 10451.10 10451.10 14001.27 14005.55 14005.55 14005.55  7244.06 14001.27 14005.55 14005.55 14005.55 14001.27 14005.55 14005.55 14005.55 14005.55 14005.55 14005.55  2470.20 14001.76 14001.76
14000.05 14000.05  2107.07 14002.78 14002.78 14002.78 14002.78  6823.43 14000.05 14002.78 14002.78 14002.78 14002.78 14000.05 14002.78 14002.78 14002.78 14002.78 14002.78 14002.78 14002.78 14002.78 11554.35  4730.63  4730.63 11554.35 11554.35  2576.80
  711.43  7051.79 14000.85 14000.28 14000.28 14000.28 14000.28  7051.79 14000.85 14000.28 14000.28 14000.28 14000.28 14000.85 14000.28 14000.28 14000.28 14000.28 14000.85 14000.85 14000.85 14000.85  7526.41  7526.41  7526.41  1749.05  4405.08  4405.08
 6112.25  6112.25  1334.10 14007.31 14007.31 14007.31 14007.31  3259.78  6112.25 14007.31 14007.31 14007.31 14007.31  6112.25 14007.31 14007.31 14007.31 14007.31 14007.31 14007.31 14007.31 14007.31  3274.02 10156.93  3274.02 10156.93   757.18 10156.93
14000.65 14000.65 14001.57 14000.65 14000.65 14000.04 14000.65  9715.41 14001.57 14000.39 14000.39 14000.65 14000.39 14001.57 14000.39 14000.39 14000.65 14000.39 14001.57 14001.57 14001.57 14001.57  3548.81 14000.65  4289.71 14000.65  4289.71 14000.65
14000.74 14000.74 14001.27 14000.74 14000.74 14000.74 14001.27 12680.89 14001.27 14000.09 14000.09 14000.09 14001.27 14001.27 14000.09 14000.09 14000.09 14001.27 14001.27 14001.27 14001.27 14000.44  8033.35 11366.58 14001.27 11366.58 14001.27 14001.27
13114.81 14000.77 13114.81 14001.68 14001.68 14001.68 14001.68 14000.77  2007.59 14001.68 14001.68 14001.68 14001.68 14000.77 14001.68 14001.68 14001.68 14001.68 14001.68 14001.68 14001.68 14001.68 14001.26 13852.28 13852.28 14001.26 14001.26  5720.19
10105.71 10105.71 14002.76 14001.59 14002.76 14002.76 14002.76   792.98 14002.76 14001.59 14002.76 14002.76 14002.76 14002.76 14001.59 14002.76 14002.76 14002.76 14002.76 14001.90 14001.90 14001.90 14002.76 14002.76 14002.76  4412.21    15.43  4412.21
11680.86 11680.86 11680.86 14000.69 14003.33 14000.11 14000.11  3413.29  7267.29 14000.69 14003.33 14000.11 14000.11  7267.29 14000.69 14003.33 14000.11 14000.11 14000.69 14003.33 14000.11 14000.11 14003.33 14000.69 14000.69 14003.33 14003.33 10328.10
 8282.48 10600.17 10600.17 14002.15 14002.15 14002.15 14002.15 10600.17 10600.17 14002.15 14002.15 14002.15 14002.15  1059.75 14002.15 14002.15 14002.15 14002.15 14002.15 14002.15 14002.15 14002.15    75.99 10630.66 10630.66 10630.66 10630.66  1658.63
 6666.36 14007.96  4168.14 14000.33 14000.33 14000.33 14001.15 14007.96  6666.36 14000.33 14000.33 14000.33 14001.15 14007.96 14007.96 14007.96 14007.96 14007.96 14000.33 14000.33 14000.33 14001.15 14000.31   645.21 14001.15 14000.31 14001.15 14001.15
14001.50 14001.50 14001.50 14001.78 14002.68 14001.78 14002.68    46.29  8622.73 14001.78 14002.68 14001.78 14002.68  8622.73 14001.78 14002.68 14001.78 14002.68 14001.78 14002.68 14001.78 14002.68 14002.68  4407.56 14002.68 14002.68   270.97 14002.68
14000.18 14001.07  1991.29 14000.66 14000.66 14000.66 14001.62 14001.07 14000.18 14000.66 14000.66 14000.66 14001.62 14001.07 14001.07 14001.07 14001.07 14001.62 14000.66 14000.66 14000.66 14001.62  3145.79   775.16 14001.62  3145.79 14001.62 14001.62
 3034.33 14000.53 14000.89 14001.56 14000.32 14000.32 14000.32 14000.53 14000.89 14001.56 14000.32 14000.32 14000.32 14000.89 14001.56 14000.53 14000.53 14000.53 14001.56 14000.89 14000.89 14000.89 14001.56 14001.56 14001.56 10559.12 10559.12    86.31
14007.63  5625.06   431.92 14002.27 14007.63 14007.63 14007.63 14007.63 14007.63 14007.63 14000.14 14000.14 14000.14  5625.06 14002.27 14007.63 14007.63 14007.63 14002.27 14007.63 14007.63 14007.63 14007.63 14007.63 14007.63  6711.38  6711.38  1349.78
14000.01   187.96 14001.00 14000.33 14000.33 14000.33 14002.06 14000.01 14001.00 14000.33 14000.33 14000.33 14002.06 14001.00 14000.33 14000.33 14000.33 14002.06 14001.00 14001.00 14001.00 14002.06 10934.21 10934.21 14002.06  2181.26 14002.06 14002.06
