2 8
4
4


12001.04 12001.04 12003.52 12001.03 12001.03 12001.04 12001.03 12000.37 12003.52 12001.04 12001.04 12000.02 12001.04 12003.52 12001.04 12001.04 12000.37 12001.04 12003.52 12003.52 12003.52 12003.52  5000.23 12001.04  3753.49 12001.04  5000.23 12001.04
12009.11  8153.24 12009.11 12009.11    -1.00 12009.11 12009.11 12009.11  5459.24 12000.09    -1.00 12000.09 12000.09 12009.11 12009.11    -1.00 12009.11 12009.11 12000.09    -1.00 12000.09 12000.09    -1.00 12000.04 12000.00    -1.00    -1.00 12000.04
12002.91   335.74  4250.83 12001.37    -1.00 12001.37 12001.37 12002.91 12002.91 12002.91    -1.00 12002.91 12002.91  4250.83 12001.37    -1.00 12001.37 12001.37 12001.37    -1.00 12001.37 12001.37    -1.00  2186.99 12000.04    -1.00    -1.00 12000.04
   -1.00    -1.00    -1.00    -1.00    -1.00    -1.00    -1.00    -1.00    -1.00    -1.00    -1.00    -1.00    -1.00  2835.85    -1.00 12002.08 12000.06 12002.08    -1.00 12002.08 12000.06 12002.08    -1.00    -1.00    -1.00 12002.08 12000.25 12002.08
 1050.62 12002.03  5453.71 12000.56 12000.56 12001.92 12000.56 12002.03  5453.71 12000.56 12000.56 12001.92 12000.56 12002.03 12002.03 12002.03 12002.03 12002.03 12000.56 12000.56 12001.92 12000.56 12000.06 12001.92 12000.06 12001.92  3681.58 12001.92
 9016.32  2015.22  9016.32 12004.13    -1.00 12004.13    -1.00  9016.32  1016.76 12004.13    -1.00 12004.13    -1.00  9016.32 12004.13    -1.00 12004.13    -1.00 12004.13    -1.00 12004.13    -1.00    -1.00  4756.43    -1.00    -1.00    -1.00    -1.00
12000.01  3596.51 12000.78 12006.32 12006.32 12006.32 12006.32 12000.01 12000.78 12006.32 12006.32 12006.32 12006.32 12000.78 12006.32 12006.32 12006.32 12006.32 12006.32 12006.32 12006.32 12006.32 12000.05 12000.05 12000.05    44.42  6033.07  6033.07
12000.78    -1.00    -1.00 12002.79    -1.00 12000.78 12002.79    -1.00    -1.00 12002.79    -1.00 12000.24 12002.79    -1.00    -1.00    -1.00    -1.00    -1.00    -1.00    -1.00    -1.00    -1.00    -1.00 12002.79 12000.20    -1.00    -1.00 12002.79
12000.35 12000.35 12000.35 12001.58 12000.61 12000.35 12001.58  1411.22 12000.23 12001.58 12000.61 12000.35 12001.58 12000.23 12001.58 12000.61 12000.35 12001.58 12001.58 12000.61 12000.35 12001.58 12001.58 12001.58   886.65 12000.61 12001.58 12001.58
11389.84 12003.04 12003.04 12003.04 12001.40 12003.04 12003.04 12003.04 12003.04 12003.04 12001.40 12003.04 12003.04  1273.09 12001.78 12003.04 12001.78 12001.78 12001.78 12003.04 12001.78 12001.78 12003.04  5888.70  5888.70 12003.04 12003.04  1698.25
