11977.44  3448.29  2981.58 12000.70 12000.16 12000.16 12000.16 11405.52 11405.52 11405.52 11405.52 11977.44 11977.44 12000.70 12000.16 12000.16 12000.16 11977.44 11977.44 11977.44 11977.44  3448.29 12000.70 12000.16 12000.16 12000.16 11405.52 11405.52 11405.52 11405.52 12000.70 12000.16 12000.16 12000.16 11405.52 11405.52 11405.52 11405.52 12000.70 12000.70 12000.70 12000.70 12000.70 12000.70 12000.70  7423.72 12000.13 12000.16 12000.16 12000.16 12000.16 12000.13 12000.16 12000.16 12000.16 12000.16 12000.16 12000.16 12000.16 12000.16   157.96  6212.25   444.06  6212.25   444.06  6212.25
 1422.74  9013.59  9013.59 12001.18 12001.18 12002.34 12002.34 12000.31 12002.34 12000.31 12002.34  9013.59  9013.59 12001.18 12001.18 12002.34 12002.34 12000.31 12002.34 12000.31 12002.34  7029.27 12001.18 12001.18 12002.34 12002.34 12000.31 12002.34 12000.31 12002.34 12001.18 12001.18 12002.34 12002.34 12000.31 12002.34 12000.31 12002.34  4984.91 12002.34 12002.34 12001.18 12002.34 12001.18 12002.34 12002.34 12002.34 12001.18 12002.34 12001.18 12002.34  9116.04 12002.34 12000.05 12002.34 12000.05 12002.34 12000.05 12002.34 12000.05 12002.34    17.67 12002.34 12002.34  3605.52 12002.34
12002.45 12002.45 12002.45 12002.45 12002.45 12002.45 12002.45  3220.96  3908.42  3908.42  8946.34 12000.54 12001.86 12000.02 12000.54 12000.11 12001.19 12002.45 12002.45 12002.45 12002.45 12001.86 12000.54 12000.09 12000.54 12001.19 12002.45 12002.45 12002.45 12002.45 12001.86 12001.86 12001.86 12001.86 12002.45 12002.45 12002.45 12002.45 12000.54 12000.11 12001.19 12002.45 12002.45 12002.45 12002.45 12000.54 12001.19 12002.45 12002.45 12002.45 12002.45 12001.19 12002.45 12002.45 12002.45 12002.45 12002.45 12002.45 12002.45 12002.45  3908.42  3908.42  8946.34  2206.73  8946.34  8946.34
 1562.75  8492.46   586.87 12002.51 12002.51 12002.51 12002.51 12002.51 12002.51 12002.51 12002.51  8492.46  1562.75 12002.51 12002.51 12002.51 12002.51 12002.51 12002.51 12002.51 12002.51  8492.46 12002.51 12002.51 12002.51 12002.51 12002.51 12002.51 12002.51 12002.51 12002.51 12002.51 12002.51 12002.51 12002.51 12002.51 12002.51 12002.51 12000.93  3839.23 12000.04 12000.93 12000.93 12000.93 12000.93 12000.93 12000.93 12000.24 12000.24 12000.24 12000.24 12000.04 12000.93 12000.93 12000.93 12000.93 12000.93 12000.93 12000.93 12000.93  6529.22  6529.22  7297.13   553.99  7297.13  7297.13
 3701.63  4423.93 12000.80 12000.80 12000.80 12000.80 12000.80 12000.80 12000.80 12000.80  8020.01  4423.93 12000.80 12000.80 12000.80 12000.80 12000.80 12000.80 12000.80 12000.80  8020.01 12000.80 12000.80 12000.80 12000.80 12000.80 12000.80 12000.80 12000.80  8020.01 12000.01 12000.01 12000.01 12000.01  6930.45  6930.45  9050.51 12000.80  8540.90  8540.90  8540.90 12000.01 12000.01 12000.01 12000.80  6074.10  6074.10 12000.01 12000.01 12000.01 12000.80   909.57 12000.01 12000.01 12000.01 12000.80 12000.01 12000.01 12000.01 12000.80  1341.03  9050.51 12000.80  9050.51 12000.80 12000.80
12000.22 12000.53 12000.22 12001.26 12001.26 12001.26 12001.26 12000.22 12000.22 12000.22 12000.22 12000.53   902.59 12001.26 12001.26 12001.26 12001.26  7474.96  7474.96  6190.93  7474.96 12000.53 12001.26 12001.26 12001.26 12001.26 12000.53 12000.53 12000.53 12000.53 12001.26 12001.26 12001.26 12001.26  7474.96  7474.96  6190.93  7474.96 12000.75 12000.75 12000.75 12001.26 12001.26 12001.26 12001.26   993.43  7838.58 12001.26 12001.26 12001.26 12001.26  7838.58 12001.26 12001.26 12001.26 12001.26 12001.26 12001.26 12001.26 12001.26  2308.65  7474.96  3481.66  7474.96  3481.66  7474.96
10106.35 10106.35  2768.06 12003.98 12003.98 12003.98 12003.98 10106.35 10106.35 10106.35 10106.35  7185.29 10106.35 12003.98 12003.98 12003.98 12003.98  7185.29  7185.29  7185.29  7185.29 10106.35 12003.98 12003.98 12003.98 12003.98  5841.76  5841.76  5841.76  5841.76 12003.98 12003.98 12003.98 12003.98 10106.35 10106.35 10106.35 10106.35  9675.68  7914.29  7914.29 12003.98 12003.98 12003.98 12003.98  9675.68  9675.68 12003.98 12003.98 12003.98 12003.98  2736.35 12003.98 12003.98 12003.98 12003.98 12003.98 12003.98 12003.98 12003.98  4922.09  1873.23  4349.10  4922.09  4922.09  4349.10
 6119.70 12003.51 12003.51 12003.51 12003.51 12003.51 12000.42  6119.70 12003.51 12003.51 12003.51 12003.51 12003.51 12003.51 12003.51 12003.51 12000.42  3787.84 12003.51 12003.51 12003.51 12001.03 12001.03 12001.03 12001.03 12003.51 12003.51 12000.13 12000.13 12000.13 12000.01 12000.01 12000.01 12003.51 12003.51 12001.03 12001.03 12001.03  2971.21  7405.98 12003.51 12003.51 12001.03 12001.03 12001.03  7405.98 12003.51 12003.51 12001.03 12001.03 12001.03 12003.51 12003.51 12001.03 12001.03 12001.03 12000.42 12003.51 12003.51 12003.51 12003.51 12003.51 12003.51  8205.53  8205.53  3111.55
12001.83  2389.93 12000.34 12000.63 12000.63 12000.63 12000.63 12001.83 12000.34 12000.34 12000.34 12001.83 12001.83 12001.83 12001.83 12001.83 12001.83  4573.52 12001.83 12001.83 12001.83 12000.34 12000.63 12000.63 12000.63 12000.63 12001.83 12000.34 12000.34 12000.34 12000.63 12000.63 12000.63 12000.63 12001.83  9749.84  5764.06  5764.06 12000.41 12000.41   688.06 12001.83 12000.63 12000.63 12000.63   443.45 12000.41 12001.83 12000.63 12000.63 12000.63 12000.41 12001.83 12000.63 12000.63 12000.63 12001.83 12000.63 12000.63 12000.63 12001.83 12001.83 12001.83  9749.84  9749.84   541.21
12001.57 12001.36  3314.37 12000.88 12002.49 12000.88 12000.01 12001.57 12001.57 12001.36 12002.49 12001.57 12001.57 12001.57 12002.49 12001.57 12001.57  3576.41  4698.26 12001.57 12002.49 12001.36 12001.36 12002.49 12001.36 12001.36 12001.57 12001.57  6896.17 12002.49 12000.88 12002.49 12000.88 12000.01 12001.57 12001.57 12001.36 12002.49 12002.49  1316.97 12000.88 12001.57 12001.57 12001.36 12002.49 12002.49 12002.49 12002.49 12002.49 12002.49 12000.26 12000.88 12001.57 12001.57 12001.36 12002.49 12001.57 12001.57 12001.36 12002.49  4698.26 12001.57 12002.49 12001.57 12002.49 12002.49
12000.31  8637.62 12000.31 12005.42 12005.42 12005.42 12005.42  4011.98 12000.31 12000.31 12000.31 12000.31  1123.38 12005.42 12005.42 12005.42 12005.42 12000.31  7455.99  7455.99  7455.99 12000.31 12005.42 12005.42 12005.42 12005.42  8637.62 12000.31 12000.31 12000.31 12005.42 12005.42 12005.42 12005.42 12000.31  7455.99  7455.99  7455.99 12000.35 12000.07 12000.07 12005.42 12005.42 12005.42 12005.42 12000.35 12000.35 12005.42 12005.42 12005.42 12005.42  5554.62 12005.42 12005.42 12005.42 12005.42 12005.42 12005.42 12005.42 12005.42 12000.31 12000.31 12000.31   715.02  5334.02  5334.02
11718.83 11718.83 12004.44 12001.52 12001.52 12001.52 12001.52  4389.64  4389.64 11718.83 11718.83  7925.90 12004.44 12001.52 12001.52 12001.52 12001.52 11718.83 11718.83  7925.90  5787.14 12004.44 12001.52 12001.52 12001.52 12001.52 11718.83 11718.83  3505.58  7925.90 12004.44 12004.44 12004.44 12004.44 12004.44 12004.44 12004.44 12004.44  6201.70 12000.55 12000.55 12001.52 12001.52 12001.52 12001.52 12000.55 12000.55 12001.52 12001.52 12001.52 12001.52  6551.98 12001.52 12001.52 12001.52 12001.52 12001.52 12001.52 12001.52 12001.52  3217.74 11718.83 11718.83 11718.83 11718.83  7925.90
 4176.23  1632.56 12000.07 12006.18 12006.18 12006.18 12006.18 10457.24 12006.18 12006.18  6601.57  4176.23 12000.07 12006.18 12006.18 12006.18 12006.18 10457.24 12006.18 12006.18  6601.57 12000.07 12006.18 12006.18 12006.18 12006.18 10457.24 12006.18 12006.18  6601.57 12006.18 12006.18 12006.18 12006.18 12000.07 12006.18 12006.18 12000.07  8652.33  8652.33   938.03 12006.18 12001.73 12001.73 12006.18  3951.08  8652.33 12006.18 12001.73 12001.73 12006.18  8652.33 12006.18 12001.73 12001.73 12006.18 12006.18 12001.73 12001.73 12006.18 12006.18 12006.18 10457.24 12000.32 12006.18 12006.18
 3123.97 12000.25 12000.25 12000.25 12000.25 12000.25 12000.25 12000.25 12002.79 12002.79 12002.79 12000.25 12000.25 12000.25 12000.25 12000.25 12000.25 12000.25 12002.79 12002.79 12002.79 11349.98 12000.25 12000.10 12000.10 12000.10  7201.68 12002.79 12002.79 12002.79 12000.25 12000.10 12000.10 12000.10 11349.98 12002.79 12002.79 12002.79 12000.25 12000.25 12000.25 12000.25 12002.79 12002.79 12002.79 10478.16 10478.16 12000.10 12002.79 12002.79 12002.79  8419.62 12000.10 12002.79 12002.79 12002.79 12000.10 12002.79 12002.79 12002.79 12002.79 12002.79 12002.79 12000.01  1911.15 12000.01
12000.78 12000.78 12000.78 12004.20 12001.72 12004.20 12004.20 12000.78 12000.78 12000.78 12004.20  8542.05   197.07 12004.20 12001.72 12004.20 12004.20 12000.67 12000.67  4691.84 12004.20  8542.05 12004.20 12001.72 12004.20 12004.20 12000.67 12000.67  8542.05 12004.20 12004.20 12001.72 12004.20 12004.20 12000.67 12000.67  4691.84 12004.20 12004.20   442.15  2740.94 12004.20 12004.20 12004.20 12000.47 12004.20 12004.20 12001.72 12001.72 12001.72 12004.20  2740.94 12004.20 12004.20 12004.20 12000.47 12004.20 12004.20 12004.20 12000.47  1797.67 12000.67 12004.20 12000.67 12004.20 12004.20
12002.65 12000.88  9091.28 12000.02 12002.65 12000.29 12000.02 12002.65  4283.83 12002.65 12002.65 12002.65 12002.65 12002.65 12000.55 12002.65 12002.65  6674.98 12002.65  6674.98  5944.47 12000.88 12000.88 12002.65 12000.88 12000.88 12002.65 12000.88 12002.65 12002.65 12000.02 12002.65 12000.29 12000.02 12002.65  9091.28 12002.65 12002.65 12002.65 12000.29  3356.17 12002.65 12000.02 12002.65 12002.65 12002.65 12002.65 12000.55 12002.65 12000.55 12000.55 12000.29 12002.65 12000.29 12002.65 12002.65 12002.65 12000.02 12002.65 12002.65 12002.65  5920.56  6674.98 12002.65 12002.65  6674.98
12000.23 12002.62 12001.01 12002.62 12002.62 12000.23 12002.62 12002.62 12002.62 12001.01 12002.62 12002.62 12001.01 12002.62 12002.62 12000.22 12002.62 12002.62 12002.62 12001.01 12002.62 12002.62 12001.31 12001.31 12002.62 12001.31  7839.40  7839.40 12002.62  7839.40 12002.62 12002.62 12001.01 12002.62 12002.62 12002.62  3984.79 12002.62  3335.90 12002.62 12000.10 12001.31 12001.31 12002.62 12001.31 12002.62 12000.10 12001.31 12001.31 12002.62 12001.31 12002.62 12002.62 12002.62 12001.01 12002.62 12001.31 12001.31 12002.62 12001.31  2571.57 12002.62   800.27 12002.62  2571.57 12002.62
 7587.90 12003.21 12003.21 12000.93 12000.93 12000.10 12000.92 12003.41 12003.41 12003.41 12000.10 12003.21 12003.21 12000.93 12000.93 12000.10 12000.92 12003.41 12003.41 12003.41 12000.10  1132.57 12003.21 12003.21 12003.21 12003.21 12003.41 12003.41 12003.41 12003.21 12003.21 12003.21 12003.21 12003.21 12003.41 12003.41 12003.41 12003.21  2749.76 12000.93 12000.93 12003.41 12003.41 12003.41 12000.93 12000.93 12000.93 12003.41 12003.41 12003.41 12000.93 12000.92 12003.41 12003.41 12003.41 12000.02 12003.41 12003.41 12003.41 12000.92  5613.89  1429.80 12003.41  5613.89 12003.41 12003.41
 8893.74 12004.22  8893.74 12000.09 12000.97 12000.97 12000.97 12004.22  8893.74 12004.22 12004.22 12004.22  6240.18 12000.09 12000.97 12000.97 12000.97 12004.22  6240.18 12004.22 12004.22 12004.22 12004.22 12004.22 12004.22 12004.22 12000.47 12004.22 12000.47 12000.47 12000.09 12000.97 12000.97 12000.97 12004.22  3274.89 12004.22 12004.22 12000.97 12000.97 12000.97 12004.22 12000.09 12004.22 12004.22   967.05 12000.29 12004.22 12000.97 12004.22 12004.22 12000.29 12004.22 12000.97 12004.22 12004.22 12004.22 12000.97 12004.22 12004.22 12004.22  2902.24  2902.24 12004.22 12004.22   347.11
12005.20 12000.36 12005.20 12005.20 12005.20 12005.20 12005.20 12000.36 12000.36 12000.36 12000.36 12005.20   635.17 12000.68 12000.68 12000.68 12000.68 12005.20 12005.20 12005.20 12005.20 12005.20 12005.20 12005.20 12005.20 12005.20 12000.13 12000.13  5393.36 12000.13 12000.68 12000.68 12000.68 12000.68 12005.20 12005.20 12005.20 12005.20 12000.40 12000.40  6084.94 12005.20 12005.20 12005.20 12005.20  5118.50 12000.40 12005.20 12005.20 12005.20 12005.20 12000.40 12005.20 12005.20 12005.20 12005.20 12005.20 12005.20 12005.20 12005.20  1547.39 12000.13  1547.39 12000.13   379.34 12000.13
