2 10
5
5


20003.69  4225.00    -1.00  4225.00 20003.69 20003.69 20003.69    -1.00 20003.69 20003.69    -1.00 20003.69 20000.83 20000.83 20000.83    -1.00 20000.83    -1.00  1318.16 20003.69 20003.69 20003.69    -1.00 20003.69    -1.00    -1.00    -1.00    -1.00    -1.00    -1.00 20003.69 20003.69 20003.69    -1.00 20003.69    50.71  3655.64    -1.00  3655.64  3655.64    -1.00  3655.64    -1.00    91.03    -1.00
10526.01    -1.00 11129.72 11129.72 20000.36    -1.00 20000.36 20000.36 20000.58    -1.00 11129.72 11129.72 20000.36    -1.00 20000.36 20000.36 20000.58    -1.00    -1.00    -1.00    -1.00    -1.00    -1.00    -1.00 10288.36 20000.36    -1.00 20000.36 20000.36 20000.58 20000.36    -1.00 20000.36 20000.36 20000.58    -1.00 16548.86 12315.59 20000.58    -1.00    -1.00    -1.00 16548.86 20000.58 20000.58
20000.18 20000.18  3100.63 20000.18 20000.64 20000.64 20000.64 20000.64 20000.64 10431.93 20000.18 10431.93 20000.64 20000.64 20000.64 20000.64 20000.64 20000.18  1857.28 20000.64 20000.64 20000.64 20000.64 20000.64 20000.18 20000.64 20000.64 20000.64 20000.64 20000.64 20000.64 20000.64 20000.64 20000.64 20000.64 15465.81  9325.21  9325.21 15465.81 15465.81 15465.81  3680.01  1247.19 15465.81 15465.81
20000.44 20000.44  9542.52   782.77 20002.36 20002.36 20002.36 20002.36 20002.36  4439.87 20000.44 20000.44 20002.36 20002.36 20002.36 20002.36 20002.36 20000.44 20000.44 20002.36 20002.36 20002.36 20002.36 20002.36  9542.52 20002.36 20002.36 20002.36 20002.36 20002.36 20002.36 20002.36 20002.36 20002.36 20002.36  9294.31  7122.68  6817.12  2680.28  9294.31  9294.31  9294.31  7122.68  7122.68  6817.12
 6607.97   989.41 15628.91  6607.97 20003.73    -1.00 20003.73 20003.73 20003.73  6607.97 15628.91   164.43 20003.73    -1.00 20003.73 20003.73 20003.73 15628.91  6607.97 20003.73    -1.00 20003.73 20003.73 20003.73 15628.91 20003.73    -1.00 20003.73 20003.73 20003.73 20003.73    -1.00 20003.73 20003.73 20003.73    -1.00 16124.24 20001.50 20001.50    -1.00    -1.00    -1.00 20001.50 20001.50  2832.17
20000.74  6195.98 20001.37 20000.74    -1.00 20000.08 20000.08    -1.00 20000.08 20000.74 20001.37  9132.14    -1.00 20000.74 20000.74    -1.00 20000.74 20001.37 20000.74    -1.00 20000.08 20000.08    -1.00 20000.08 20001.37    -1.00 20001.37 20001.37    -1.00 20001.37    -1.00 20000.74 20000.74    -1.00 20000.74    -1.00    -1.00    -1.00    -1.00  6482.14    -1.00  6482.14    -1.00  3270.95    -1.00
   -1.00    -1.00    -1.00    -1.00    -1.00    -1.00    -1.00    -1.00    -1.00 15874.31    -1.00 20001.72 20000.67 20000.46 20000.67 20000.46 20000.46    -1.00 20001.72 20000.67 20000.46 20000.67 20000.46 20000.46    -1.00    -1.00    -1.00    -1.00    -1.00    -1.00 20001.72 20001.72 20001.72 20001.72 20001.72 20000.67  1682.72 20000.67 20000.67 20000.67  3907.60 14545.16 20000.67 20000.67 14545.16
17654.07 20001.13 20001.13  5422.80 20001.13 20001.13 20001.13 20001.13 20001.13 20001.13 20001.13 17654.07 20001.13 20001.13 20001.13 20001.13 20001.13 10220.01 20001.13 20000.03 20000.03 20000.03 20000.03 20000.03 20001.13 20000.03 20000.03 20000.03 20000.03 20000.03 20001.13 20001.13 20001.13 20001.13 20001.13  3111.18  8560.96  6957.06  8560.96  8560.96  6957.06  8560.96  8560.96  2065.44  8560.96
  943.59 12198.69  1739.12 12198.69 20005.68 20001.74    -1.00 20005.68 20001.74 12198.69  1739.12 12198.69 20005.68 20001.74    -1.00 20005.68 20001.74 12198.69  3886.04 20005.68 20001.74    -1.00 20005.68 20001.74 12198.69 20005.68 20001.74    -1.00 20005.68 20001.74 20005.68 20001.74    -1.00 20005.68 20001.74 20005.68    -1.00  7192.09 20005.68    -1.00 20005.68  2583.12    -1.00    -1.00 20005.68
20000.96  9478.38  9478.38 20000.96    -1.00 20000.96 20000.96 20000.96 20000.96 20000.96 20000.96   220.54    -1.00 20000.61 20000.61 20000.58 20000.58  5795.90 20000.96    -1.00 20000.96 20000.96 20000.96 20000.96 20000.96    -1.00 20000.96 20000.96 20000.96 20000.96    -1.00 20000.61 20000.61 20000.58 20000.58    -1.00    -1.00    -1.00    -1.00 19899.99 20000.61 20000.61 20000.61 20000.61  4778.83
