 3444.92  1813.17  4283.10  6581.03 16002.00 16002.00 16002.00 16002.00 16002.00  3444.92  4283.10  6581.03 16002.00 16002.00 16002.00 16002.00 16002.00  4283.10  6581.03 16002.00 16002.00 16002.00 16002.00 16002.00  6581.03 16002.00 16002.00 16002.00 16002.00 16002.00 16002.00 16002.00 16002.00 16002.00 16002.00  8075.00  6910.61  8075.00  8075.00  8075.00  7837.55  7837.55  8075.00  8075.00  2300.02
11699.69 16002.62 16000.58 16000.11 16002.64 16002.64 16002.64 16002.64 16002.64 16002.62 16000.58 16000.11 16002.64 16002.64 16002.64 16002.64 16002.64 16002.62 16002.62 16002.64 16002.64 16002.64 16002.64 16002.64 16000.58 16002.64 16002.64 16002.64 16002.64 16002.64 16002.64 16002.64 16002.64 16002.64 16002.64 16001.55 16001.55 16001.55 10100.59  5526.53  7413.14 16001.55  7413.14 16001.55 16001.55
16001.73 16001.73  9644.56 16001.73 16000.94 16000.94 16000.94 16000.94 16000.94  4685.21 16001.73 16000.57 16001.73 16001.73 16001.73 16001.73 16001.73 16001.73 16000.57 16001.73 16001.73 16001.73 16001.73 16001.73 16001.73 16000.94 16000.94 16000.94 16000.94 16000.94 16001.73 16001.73 16001.73 16001.73 16001.73 16000.07 16000.07  8671.19  8671.19  5877.07 16000.07 16000.07 16000.07 16000.07   379.63
16001.05 14509.21 16001.05 16001.05 16000.56 16002.01 16000.56 16000.56 16000.56 16001.05   343.46  3357.85 16001.05 16002.01 16001.05 16001.05 16001.05 16001.05 16001.05 16000.56 16002.01 16000.56 16000.56 16000.56  3357.85 16001.05 16002.01 16001.05 16001.05 16001.05 16001.05 16002.01 16001.05 16001.05 16001.05 16002.01  5674.28  7824.38  5674.28 16002.01 16002.01 16002.01  7824.38  2298.18  7824.38
15330.11 15330.11  4124.64 15330.11 16002.53 16002.53 16002.53 16000.17 16002.53  2083.20 15330.11  9892.37 16002.53 16002.53 16002.53 16000.17 16002.53 15330.11  9892.37 16002.53 16002.53 16002.53 16000.17 16002.53 15330.11 16002.53 16002.53 16002.53 16000.17 16002.53 16002.53 16002.53 16002.53 16000.17 16002.53  7220.53  5084.40 16002.53  7220.53  7220.53 16002.53   106.44 16002.53  7220.53 16002.53
16004.29   323.35 16004.29  2159.73 16000.15 16000.52 16000.52 16000.52 16000.15 16004.29  6611.10 16004.29 16004.29 16004.29 16004.29 16004.29 16004.29 16004.29  2159.73 16000.15 16000.52 16000.52 16000.52 16000.15 16004.29 16004.29 16004.29 16004.29 16004.29 16004.29 16000.15 16000.52 16000.52 16000.52 16000.15 16000.52 16000.52 16000.52  9688.84 13546.66  3013.41 16000.52 13546.66 16000.52 16000.52
 7531.22  7531.22    70.20  7531.22 16001.47 16008.06 16001.47 16001.47 16001.47  3625.15  7531.22  5451.70 16001.47 16008.06 16001.47 16001.47 16001.47  7531.22  5451.70 16001.47 16008.06 16001.47 16001.47 16001.47  7531.22 16001.47 16008.06 16001.47 16001.47 16001.47 16001.47 16008.06 16001.47 16001.47 16001.47 16008.06 13100.21  4509.91 14012.41 16008.06 16008.06 16008.06 13100.21 14012.41 14012.41
11895.32 11895.32 11895.32  6063.20 16000.13 16000.13 16000.13 16004.01 16000.13  6003.53  1786.23 11895.32 16000.13 16000.13 16000.13 16004.01 16000.13  6003.53 11895.32 16000.13 16000.13 16000.13 16004.01 16000.13 11895.32 16000.13 16000.13 16000.13 16004.01 16000.13 16000.13 16000.13 16000.13 16004.01 16000.13 13231.78 13231.78 16004.01   770.61  1354.00 16004.01 13231.78 16004.01 13231.78 16004.01
 4716.61  9558.47  9558.47  9558.47 16000.85 16000.85 16000.85 16000.85 16000.85  9558.47  9558.47  9558.47 16000.85 16000.85 16000.85 16000.85 16000.85   162.82  3862.47 16000.85 16000.85 16000.85 16000.85 16000.85  3862.47 16000.85 16000.85 16000.85 16000.85 16000.85 16000.85 16000.85 16000.85 16000.85 16000.85 11296.39 11296.39   136.56 11989.96   398.85 11296.39 11989.96 11296.39 11989.96 11989.96
16002.55  1235.02 12934.09 12934.09 16002.01 16002.01 16002.01 16002.01 16002.01 16002.55 16002.55 16002.55 16002.55 16002.55 16002.55 16002.55 16002.55 12934.09 12934.09 16002.01 16002.01 16002.01 16002.01 16002.01  3025.70 16002.01 16002.01 16002.01 16002.01 16002.01 16002.01 16002.01 16002.01 16002.01 16002.01 10414.62 10414.62 10414.62   579.21  3838.24  3404.69 10414.62  3838.24 10414.62 10414.62
16001.81 16000.30 16000.30 16001.81 16004.27 16004.27 16000.89 16004.27 16000.89 16001.81 16001.81  2556.45 16004.27 16004.27 16001.81 16004.27 16001.81 16000.02 16001.81 16004.27 16004.27 16000.89 16004.27 16000.89 16001.81 16004.27 16004.27 16000.89 16004.27 16000.89 16004.27 16004.27 16001.81 16004.27 16001.81  1592.53 16004.27  8292.90 16004.27 16004.27  8292.90 16004.27 16004.27  1114.24 16004.27
 2796.46  5964.38 16000.30  5964.38 16002.46 16002.46 16002.46 16002.46 16002.46  5964.38 16000.30  5964.38 16002.46 16002.46 16002.46 16002.46 16002.46 16000.30   977.52 16002.46 16002.46 16002.46 16002.46 16002.46 16000.30 16002.46 16002.46 16002.46 16002.46 16002.46 16002.46 16002.46 16002.46 16002.46 16002.46  8427.38  4484.99  2788.35  8427.38  8427.38  8427.38  8382.08  4484.99  8427.38  8427.38
16000.11 16000.11  7232.66 16000.11 16002.88 16002.88 16002.88 16002.88 16002.88  2452.59 16000.11  9101.65 16002.88 16002.88 16002.88 16002.88 16002.88 16000.11  9101.65 16002.88 16002.88 16002.88 16002.88 16002.88 16000.11 16002.88 16002.88 16002.88 16002.88 16002.88 16002.88 16002.88 16002.88 16002.88 16002.88 13417.61 13762.89 13762.89 13489.19 13762.89 13762.89 13489.19  1759.39 13762.89 13762.89
 2959.45  3489.36  1955.48 16000.51 16001.73 16000.51 16000.51 16001.73 16001.73  3489.36  2959.45 16000.51 16001.73 16000.51 16000.51 16001.73 16001.73  3489.36 16000.51 16001.73 16000.51 16000.51 16001.73 16001.73 16000.51 16001.73 16000.51 16000.51 16001.73 16001.73 16001.73 16000.12 16000.12 16001.73 16001.73 16001.73 16001.73 10181.99  1899.06  1784.20 16001.73 16001.73 16001.73 16001.73 10181.99
16000.00 16000.00 16000.00  3956.38 16000.30 16007.27 16000.30 16000.30 16007.27   523.34 10808.60 16000.00 16000.30 16007.27 16000.30 16000.30 16007.27 10808.60 16000.00 16000.30 16007.27 16000.30 16000.30 16007.27 16000.00 16000.30 16007.27 16000.30 16000.30 16007.27 16000.30 16007.27 16000.30 16000.30 16007.27 16007.27  4310.92  1064.08 16007.27 16007.27 16007.27 16000.13  4310.92 16007.27 16007.27
16000.91 16000.57 16000.57  4600.84 16002.29 16000.50 16000.50 16002.29 16000.50 16000.91 16000.91 16000.91 16002.29 16000.91 16000.91 16002.29 16000.91   565.59 16000.57 16002.29 16000.57 16000.57 16002.29 16000.57 16000.57 16002.29 16000.57 16000.57 16002.29 16000.57 16002.29 16000.50 16000.50 16002.29 16000.50 16002.29 16002.29  8211.39 16002.29 16000.05 16002.29  6813.45 16002.29 16000.05 16002.29
16001.50 10830.34  4903.60 16001.50 16001.50 16001.50 16001.50 16001.50 16001.50 16001.50 16001.50    19.71 16000.21 16000.21 16000.21 16000.21 16000.21 10830.34 16001.50 16001.50 16001.50 16001.50 16001.50 16001.50 16001.50 16001.50 16001.50 16001.50 16001.50 16001.50 16000.21 16000.21 16000.21 16000.21 16000.21  4213.60  5147.24  4213.60  4213.60  5147.24  1212.33  1885.00  5147.24  5147.24  1885.00
16000.34 16000.34 16000.34 16000.34 16003.21 16003.21 16003.21 16003.21 16000.34  6346.57  2866.27  6346.57 16003.21 16003.21 16003.21 16003.21 16000.01  6346.57  3550.10 16003.21 16003.21 16003.21 16003.21 16000.01  6346.57 16003.21 16003.21 16003.21 16003.21 16000.01 16003.21 16003.21 16003.21 16003.21 16000.01 16001.34 16001.34 16001.34 16003.21  3636.58  3636.58 16003.21   266.81 16003.21 16003.21
16000.34 16000.34  8181.79  4588.38 16001.13 16001.13 16001.13 16001.13 16001.13  9274.06 16000.34 16000.34 16001.13 16001.13 16001.13 16001.13 16001.13 16000.34 16000.34 16001.13 16001.13 16001.13 16001.13 16001.13  8181.79 16001.13 16001.13 16001.13 16001.13 16001.13 16001.13 16001.13 16001.13 16001.13 16001.13 10380.42 10380.42  3519.65  4574.91  6584.57 10380.42 10380.42 10380.42 10380.42  4574.91
16000.23  2619.88 10883.91 10883.91 16001.15 16000.94 16001.15 16001.15 16001.15 16000.23 16000.23 16000.23 16001.15 16000.94 16001.15 16001.15 16001.15 10883.91 10883.91 16001.15 16000.94 16001.15 16001.15 16001.15  9253.49 16001.15 16000.94 16001.15 16001.15 16001.15 16001.15 16000.94 16001.15 16001.15 16001.15 16001.15  6042.08  8399.46 11846.60 16001.15 16001.15 16001.15  8399.46 11846.60 11846.60
