3 15
5
5
5


 4730.14 12002.90  9780.89   575.48 12000.62 12001.04 12000.62 12000.62 12000.54  9780.89  9780.89  9780.89  9780.89 12002.90 12002.90  9780.89  4730.14 12000.62 12001.04 12000.62 12000.62 12000.54  9780.89  9780.89  9780.89  9780.89 12002.90 12002.90 12002.90 12002.90 12002.90 12002.90 12002.90 12002.90 12002.90 12002.90 12002.90 12002.90 12000.50  9780.89 12000.62 12001.04 12000.62 12000.62 12000.54  1292.78  2172.69  4375.52  2172.69 12002.90 12000.62 12001.04 12000.62 12000.62 12000.54  9780.89  9780.89  9780.89  9780.89 12002.90 12001.04 10172.47 10172.47 12000.62 12000.62 12000.62 12000.62 12000.62 12002.90 12001.04 12001.04 12001.04 12001.04 12001.04 12001.04 12001.04 12002.90  2184.51 12000.62 12000.62 12000.62 12000.62 12000.62 12002.90 12000.62 12000.62 12000.62 12000.62 12000.62 12002.90 12000.54 12000.54 12000.54 12000.54 12002.90  2172.69  4375.52  2172.69 12002.90  4375.52  1235.07 12002.90  4375.52 12002.90 12002.90
12006.70  6261.40    -1.00  6261.40 12006.70 12006.70 12006.70 12000.43 12006.70  3978.81  6261.40  6261.40    -1.00 12006.70 12006.70    -1.00 12006.70 12000.88 12000.88 12000.88 12006.70 12000.88 12006.70 12006.70 12006.70    -1.00 11364.17    -1.00  4935.72 12006.70 12006.70 12006.70 12000.43 12006.70  6261.40  5264.41  2607.45    -1.00 12006.70    -1.00    -1.00    -1.00    -1.00    -1.00    -1.00    -1.00    -1.00    -1.00    -1.00    -1.00 12006.70 12006.70 12006.70 12000.43 12006.70  6261.40  5264.41  4935.72    -1.00 12006.70  8277.46  2510.02 12006.70  8277.46 12006.70 12006.70 12006.70    -1.00 12000.88  8277.46 12006.70  4233.63 12006.70 12006.70 12006.70    -1.00 12000.88 12006.70  8277.46 12006.70 12006.70 12006.70    -1.00 12000.88 12006.70 12000.43 12000.43 12000.43    -1.00 12006.70 12006.70 12006.70 12006.70    -1.00 12000.88  6261.40  6261.40    -1.00 12006.70  5264.41    -1.00 12006.70    -1.00 12006.70    -1.00
   -1.00 12002.27  1956.77  1956.77 12000.30 12000.30 12000.30 12000.30 12000.59  3128.68 12002.27  1417.12  7946.01  1417.12    -1.00    -1.00    -1.00    -1.00    -1.00    -1.00    -1.00    -1.00    -1.00    -1.00    -1.00    -1.00    -1.00 12002.27 12002.27 12002.27 12002.27 12002.27 12002.27 12002.27 12002.27  1878.94 12002.27 12002.27 12002.27   189.06 12000.30 12000.30 12000.30 12000.30 12000.59  3128.68 12002.27  1956.77  7946.01  1956.77 12000.30 12000.30 12000.30 12000.30 12000.59  3128.68 12002.27  1956.77  7946.01  1956.77 12000.17  5667.23  5667.23 12000.59 12000.30 12002.27 12000.30 12000.30 12000.30 12000.17 12000.17 12000.59 12000.30 12002.27 12000.30 12000.30 12000.30  1633.93 12000.59 12000.30 12002.27 12000.30 12000.30 12000.30 12000.59 12000.30 12002.27 12000.30 12000.30 12000.30 12000.59 12002.27 12000.59 12000.59 12000.59 12002.27  3128.68  7946.01  3128.68 12002.27 12002.27 12002.27  7946.01   402.54  7946.01
 6616.54 12003.58 12003.58    -1.00 12000.49 12003.58 12000.49 12000.49    -1.00  6616.54  1300.26 12003.58 11160.05  6616.54 12003.58 12003.58    -1.00 12000.49 12003.58 12000.49 12000.49    -1.00  5508.15  6616.54 12003.58 11160.05  5508.15  4619.33    -1.00 12003.58 12000.21 12003.58 12003.58    -1.00 12003.58 12003.58  3954.24 12003.58 12003.58    -1.00 12003.58 12000.21 12003.58 12003.58    -1.00 12003.58 12003.58  4619.33 12003.58 12003.58    -1.00    -1.00    -1.00    -1.00    -1.00    -1.00    -1.00    -1.00    -1.00    -1.00 12003.58 10998.24  5889.75    -1.00 12000.49 12000.49 12003.58 12000.49 12000.49 12003.58 12003.58    -1.00 12003.58 12003.58 12000.21 12003.58 12003.58 10998.24    -1.00 12000.49 12000.49 12003.58 12000.49 12000.49    -1.00 12000.49 12000.49 12003.58 12000.49 12000.49    -1.00    -1.00    -1.00    -1.00    -1.00  6616.54 12003.58 11160.05  2321.60 12003.58 11160.05  6616.54 12003.58 12003.58 11160.05
 8747.25  5110.79    -1.00   372.29    -1.00 12002.77 12002.77 12002.77 12002.77  5110.79 12000.90  5110.79  5110.79  8747.25  8747.25    -1.00  8747.25    -1.00 12002.77 12002.77 12002.77 12002.77  8747.25 12000.90  8747.25  8747.25  3382.62    -1.00  5110.79    -1.00 12002.77 12002.77 12002.77 12002.77  3914.93 12000.90  3914.93  3559.41  8747.25    -1.00    -1.00    -1.00    -1.00    -1.00    -1.00    -1.00    -1.00    -1.00    -1.00    -1.00    -1.00 12002.77 12002.77 12002.77 12002.77  5110.79 12000.90  5110.79  5110.79  8747.25    -1.00    -1.00    -1.00    -1.00    -1.00    -1.00    -1.00    -1.00    -1.00 12000.08 12000.08  2470.81 12002.77 12002.77 12002.77 12002.77 12002.77  8547.67 12000.08 12002.77 12002.77 12002.77 12002.77 12002.77 12000.08 12002.77 12002.77 12002.77 12002.77 12002.77 12002.77 12002.77 12002.77 12002.77 12002.77 12000.90   146.80  3914.93  8747.25 12000.90 12000.90 12000.90  3914.93  8747.25  8747.25
12009.57 12009.57 12009.57    -1.00 12009.57 12009.57 12009.57    -1.00 12009.57  2123.99  1332.51 12009.57 12009.57  3405.32  8666.31  8666.31    -1.00 12001.35 12001.35 12000.07    -1.00 12001.35 12009.57 12009.57  5563.40  8666.31 12009.57  2254.07    -1.00 12001.35 12001.35 12000.07    -1.00 12001.35 12009.57 12009.57  8666.31  2254.07 12009.57    -1.00 12001.35 12001.35 12000.07    -1.00 12001.35 12009.57 12009.57  8666.31  2247.99 12009.57    -1.00    -1.00    -1.00    -1.00    -1.00    -1.00    -1.00    -1.00    -1.00    -1.00 11231.70 12001.35    -1.00  3090.65 12009.57 12009.57 12001.35 12001.35 12009.57 12001.35    -1.00 11231.70 12009.57 12009.57 12001.35 12001.35 12009.57    -1.00 12001.35 12009.57 12009.57 12000.07 12000.07 12009.57    -1.00    -1.00    -1.00    -1.00    -1.00    -1.00 12009.57 12009.57 12001.35 12001.35 12009.57  2123.99 12009.57 12009.57  3405.32 12009.57 12009.57  3405.32  8666.31 12009.57 12009.57
   -1.00  7557.89  4822.77    -1.00 12000.13 12000.13    -1.00 12000.07 12000.13  2556.84  4822.77  7557.89 12000.48    -1.00    -1.00    -1.00    -1.00    -1.00    -1.00    -1.00    -1.00    -1.00    -1.00    -1.00    -1.00    -1.00    -1.00  7557.89    -1.00 12000.13 12000.13    -1.00 12000.07 12000.13  7557.89  7557.89  4953.83 12000.48    -1.00    -1.00 12000.13 12000.13    -1.00 12000.07 12000.13  4822.77  1815.81  7557.89 12000.48    -1.00    -1.00    -1.00    -1.00    -1.00    -1.00    -1.00    -1.00    -1.00    -1.00    -1.00   253.93    -1.00 12000.13 12000.07 12000.13 12000.13 12000.13 12000.48    -1.00    -1.00 12000.13 12000.07 12000.13 12000.13 12000.13 12000.48    -1.00    -1.00    -1.00    -1.00    -1.00    -1.00    -1.00    -1.00 12000.13 12000.07 12000.07 12000.07 12000.48    -1.00 12000.13 12000.13 12000.13 12000.48    -1.00  4822.77  7557.89 12000.48    -1.00  7557.89 12000.48    -1.00 12000.48    -1.00    -1.00
12000.77  5197.96 12000.10 12000.77 12000.77 12000.77 12000.77 12000.77 12000.77 12004.17 12004.17 11104.18    -1.00 11104.18 12000.77 12000.77   771.90 12000.52 12000.52 12000.13 12000.52 12000.52 12004.17 12004.17 12000.77    -1.00 12000.77 12000.10 12000.77 12000.77 12000.77 12000.77 12000.77 12000.77 12004.17 12004.17 11104.18    -1.00 11104.18 12000.77 12000.77 12000.77 12000.77 12000.77 12000.77 12004.17 12004.17 12000.10    -1.00 12000.10 12000.52 12000.52 12000.13 12000.52 12000.52 12004.17 12004.17 12000.77    -1.00 12000.77  2682.56 12000.52  4311.94  1154.43 12004.17 12004.17 12000.77    -1.00 12000.77 12000.52  4311.94  2682.56 12004.17 12004.17 12000.77    -1.00 12000.77 12000.52 12000.52 12004.17 12004.17 12000.77    -1.00 12000.77  4311.94 12004.17 12004.17 12000.77    -1.00 12000.77 12004.17 12004.17 12000.77    -1.00 12000.77  5545.00 12004.17    -1.00 12004.17 12004.17    -1.00 12004.17    -1.00  2728.59    -1.00
12000.11 12000.11 12000.11 12000.11    -1.00 12001.41 12001.92 12001.92 12001.41 12000.11 12000.11 12000.11 12000.11 12000.11 12000.06 12000.06 12000.06    -1.00 12001.41 12001.92 12001.92 12001.41  2994.71 12000.09 12000.06 12000.09 12000.06 12000.06 12000.06    -1.00 12001.41 12001.92 12001.92 12001.41 12000.06 12000.09 12000.06 12000.09 12000.06  6656.61    -1.00 12001.41 12001.92 12001.92 12001.41 12000.06 12000.09  6146.19 12000.09  6146.19    -1.00 12001.41 12001.92 12001.92 12001.41 12000.06 12000.09  6656.61 12000.09  6656.61    -1.00    -1.00    -1.00    -1.00    -1.00    -1.00    -1.00    -1.00    -1.00 12001.92 12001.92  5061.43 12001.41 12001.41 12001.41 12001.41 12001.41  7285.63 12001.92 12001.92 12001.92 12001.92 12001.92 12001.92 12001.92 12001.92 12001.92 12001.92 12001.92 12001.92 12001.41 12001.41 12001.41 12001.41 12001.41 12000.09 12000.06 12000.09 12000.06 12000.09   291.77 12000.09 12000.09  1039.08 12000.09
 6197.71  5144.45  8139.83 12001.45 12000.34 12000.34 12000.20 12000.34 12000.34  8139.83 12001.45  3632.74  8139.83  8139.83  6197.71  8139.83 12001.45 12000.34 12000.34 12000.20 12000.34 12000.34  8139.83 12001.45  6197.71  8139.83  8139.83  8139.83 12001.45 12000.34 12000.34 12000.20 12000.34 12000.34  8139.83 12001.45  5144.45  8139.83  8139.83 12001.45 12000.34 12000.34 12000.20 12000.34 12000.34  2951.28 12001.45  8139.83  3329.85  2812.38 12001.45 12001.45 12001.45 12001.45 12001.45 12001.45 12000.23 12001.45 12001.45 12001.45  4383.67 12000.34 12000.09 12000.09 12000.34 12001.45 12000.34 12000.34 12000.34 12000.34 12000.09 12000.09 12000.34 12001.45 12000.34 12000.34 12000.34 12000.34 12000.34 12000.20 12001.45 12000.20 12000.20 12000.20  4378.44 12000.34 12001.45 12000.34 12000.34 12000.34 12000.34 12001.45 12000.34 12000.34 12000.34 12001.45  8139.83  3329.85  2951.28 12001.45 12001.45 12001.45  8139.83  8139.83  3329.85
