3 12
4
4
4


   -1.00    -1.00    -1.00    -1.00    -1.00    -1.00    -1.00    -1.00    -1.00    -1.00    -1.00 11177.93    -1.00 12001.17    -1.00 12001.17 12001.17    -1.00 12000.13 12000.13 12001.17    -1.00 12001.17    -1.00 12001.17 12001.17    -1.00 12000.13 12000.13 12001.17    -1.00    -1.00    -1.00    -1.00    -1.00    -1.00    -1.00    -1.00    -1.00 12000.85 12000.85    -1.00 12001.17 12001.17 12000.85    -1.00    -1.00    -1.00    -1.00    -1.00    -1.00 11640.12    -1.00 12001.17 12001.17 12000.46    -1.00 12001.17 12001.17 12000.46    -1.00    -1.00    -1.00  3942.94 12001.17 12001.17
12000.37    -1.00  4601.03 12004.92 12000.09 12000.09 12004.92 12000.47 12004.92 12000.47 12000.47    -1.00 12000.37 12004.92 12000.37 12000.37 12004.92 12000.47 12004.92 12000.47 12000.47    -1.00    -1.00    -1.00    -1.00    -1.00    -1.00    -1.00    -1.00    -1.00 12004.92 12000.09 12000.09 12004.92 12000.47 12004.92 12000.47 12000.47 12004.92 12004.92 12000.53 12004.92 12000.25 12004.92 12004.92  2189.98 12004.92 12000.47 12004.92 12000.47 12000.47 12004.92 12000.47 12004.92 12000.47 12000.47 12004.92 12000.53 12004.92 12004.92 12004.92  6394.98  6394.98 12004.92 12004.92  5097.18
 4878.93  2217.93 12001.23 12000.05    -1.00 12000.69 12000.69 12000.69 12000.69 12001.23 12000.69  4878.93 12001.23 12000.05    -1.00 12000.69 12000.69 12000.69 12000.69 12001.23 12000.69 12001.23 12000.05    -1.00 12000.69 12000.69 12000.69 12000.69 12001.23 12000.69 12001.23    -1.00 12001.23 12001.23 12001.23 12001.23  3290.12 12001.23    -1.00 12000.69 12000.69 12000.69 12000.69 12001.23 12000.69    -1.00    -1.00    -1.00    -1.00    -1.00    -1.00  7945.58 12000.19 12000.19 12001.23 12000.19 12000.19 12000.19 12001.23 12000.19  5644.45 12001.23   782.65 12001.23  5644.45 12001.23
  110.96 11593.24 11593.24 12000.30 12000.30 12002.45 12002.45 12002.66 11593.24  4277.48    -1.00 11593.24 11593.24 12000.30 12000.30 12002.45 12002.45 12002.66 11593.24  4277.48    -1.00 10286.82 12000.30 12000.30 12002.45 12002.45 12002.66 10758.71 11593.24    -1.00 12000.30 12000.30 12002.45 12002.45 12002.66 10758.71 11593.24    -1.00  6660.14 12002.45 12002.45 12002.66 12000.30 12000.30    -1.00 12002.45 12002.45 12002.66 12000.30 12000.30    -1.00 11828.43 12002.66 12002.45 12002.45    -1.00 12002.66 12002.45 12002.45    -1.00 12002.66 12002.66    -1.00 11593.24    -1.00    -1.00
 9340.97  9340.97  9340.97 12000.18 12001.07    -1.00 12001.07  9340.97 11951.93 12001.65  9340.97  9297.82  9297.82 12000.18 12001.07    -1.00 12001.07  2687.20 11951.93 12001.65  9297.82  4671.53 12000.18 12001.07    -1.00 12001.07  9297.82 11951.93 12001.65  5324.38 12000.18 12001.07    -1.00 12001.07  9297.82 11951.93 12001.65  5324.38 12001.07    -1.00 12001.07 12000.18 12000.18 12001.65 12000.18    -1.00    37.36 12001.07 12001.07 12001.65 12001.07    -1.00    -1.00    -1.00    -1.00    -1.00 12001.07 12001.07 12001.65 12001.07 11951.93 12001.65  9297.82 12001.65 11951.93 12001.65
 4698.84   820.47  4698.84 12000.25 12001.92 12001.92 12000.25 12000.29 12001.92 12001.92    -1.00  4698.84  1263.15 12000.25 12001.92 12001.92 12000.25 12000.29 12001.92 12001.92    -1.00  4698.84 12000.25 12001.92 12001.92 12000.25 12000.29 12001.92 12001.92    -1.00 12000.25 12001.92 12001.92 12000.25 12000.29 12001.92 12001.92    -1.00 12001.92 12001.92   584.00 12000.29 12001.92 12001.92    -1.00  9382.92 12001.92 12001.92 12000.41 12000.41    -1.00 12001.92 12001.92 12000.41 12000.41    -1.00 12000.29 12001.92 12001.92    -1.00 12001.92 12001.92    -1.00  2449.96    -1.00    -1.00
12001.75  7693.27  1558.24 12001.75 12000.34 12000.34 12000.34 12001.18 12001.18 12001.18 12001.18 12001.75 12001.75 12001.46 12001.75 12001.75 12001.75 12001.75 12001.75 12001.75 12001.75  7693.27 12001.75 12000.34 12000.34 12000.34 12001.18 12001.18 12001.18 12001.18 12001.75 12000.34 12000.34 12000.34 12001.18 12001.18 12001.18 12001.18 12001.75 12001.75 12001.75 12001.75 12001.75 12001.75 12001.75  1757.52  1757.52 12001.18 12001.18 12001.18 12001.18    93.30 12001.18 12001.18 12001.18 12001.18 12001.18 12001.18 12001.18 12001.18  4963.63  7769.11  4963.63  7769.11  1889.92  7769.11
12001.15  5484.89  3726.88 12001.15 12001.15 12001.15 12001.15 12001.15  4006.26  4006.26    -1.00 12001.15 12001.15 12000.02 12000.02 12000.54 12000.54  3686.61 12001.15 12001.15    -1.00  5484.89 12001.15 12001.15 12001.15 12001.15 12001.15  5484.89  5484.89    -1.00 12001.15 12001.15 12001.15 12001.15 12001.15  4006.26  4006.26    -1.00   716.12 12000.54 12000.54 12000.02 12001.15 12001.15    -1.00 12000.54 12000.54 12000.02 12001.15 12001.15    -1.00  1457.46 12000.54 12001.15 12001.15    -1.00 12000.54 12001.15 12001.15    -1.00 12001.15 12001.15    -1.00   222.36    -1.00    -1.00
12000.10 12000.10 12000.10 12002.44 12000.03 12003.49 12000.03 12000.10    -1.00    -1.00 12000.10 12000.10 10392.48 12002.44 12000.10 12003.49 12000.10 10392.48    -1.00    -1.00  6332.93 12000.10 12002.44 12000.10 12003.49 12000.10 12000.10    -1.00    -1.00 12000.10 12002.44 12000.10 12003.49 12000.10  3791.64    -1.00    -1.00 10392.48 12002.44 12003.49 12002.44 12002.44    -1.00    -1.00 12002.44 12003.49  2388.20 12000.10    -1.00    -1.00 12000.10 12003.49 12003.49    -1.00    -1.00 12003.49 12000.10    -1.00    -1.00 12000.10    -1.00    -1.00 10392.48    -1.00    -1.00    -1.00
 4850.88  7434.96 12001.34 12001.34 12000.75 12001.34 12001.34  4850.88 12000.75  7434.96 12001.34  7434.96 12001.34 12001.34 12000.75 12001.34 12001.34  3510.04 12000.75  7434.96 12001.34 12001.34 12001.34 12000.75 12001.34 12001.34  7434.96 12000.75  3279.84 12001.34 12000.16 12001.34 12000.16 12000.16 12001.34 12001.34 12001.34 11664.25 12001.34  8048.75  8048.75 12001.34 12001.34 12001.34 12000.16 12001.34 12001.34 12000.75 12000.03 12000.75 12001.34   512.87 12001.34 12001.34 12001.34 12000.16 12001.34 12001.34 12001.34 12000.16 12000.75  7434.96 12001.34 12000.75 12001.34 12001.34
