 8202.80 16000.45  2354.69 16006.96 16000.45 16000.45 16000.45 16006.96 16006.96 16006.96 16000.33 16000.45  8202.80 16006.96 16000.45 16000.45 16000.45 16006.96 16006.96 16006.96 16000.33 16000.45 16006.96  9318.40 11752.60  9318.40 16006.96 16006.96 16006.96 16000.45 16006.96 16000.45 16000.45 16000.45 16006.96 16006.96 16006.96 16000.33 16006.96 16006.96 16006.96 16001.03 16001.03 16001.03 16006.96 11752.60  3590.62 16006.96 16006.96 16006.96 16000.45 11752.60 16006.96 16006.96 16006.96 16000.45 16006.96 16006.96 16006.96 16000.45  5616.59  5616.59 16006.96  4142.74 16006.96 16006.96
 4134.24  4922.43  4922.43  9818.97  9818.97 16000.22 16000.22 16000.22 16000.22 16000.11 16000.22  4922.43  4922.43  9818.97  9818.97 16000.22 16000.22 16000.22 16000.22 16000.11 16000.22  4800.21  9818.97  9818.97 16000.22 16000.22 16000.22 16000.22 16000.11 16000.22  9818.97  9818.97 16000.22 16000.22 16000.22 16000.22 16000.11 16000.22  6734.55 16000.22 16000.22 16000.22 16000.22 16000.11 16000.22 16000.22 16000.22 16000.22 16000.22 16000.11 16000.22  9704.55 16000.19 16000.19 16000.22 16000.19 16000.19 16000.19 16000.22 16000.19  6139.82 16000.22  6139.82 16000.22  5999.30 16000.22
16000.50 14597.92 16000.50 16002.08 16002.08 16000.50  9127.06 16001.37 16001.37 16001.37 16001.37 16000.50  8064.98 16002.08 16002.08  8064.98 16000.50 16001.37 16001.37 16001.37 16001.37 16000.50 16002.08 16002.08 16000.50 14597.92 16001.37 16001.37 16001.37 16001.37 16002.08 16002.08  6692.38 16000.50 16001.37 16001.37 16001.37 16001.37   287.05 16002.08 16002.08 16002.08 16002.08 16002.08 16002.08 16002.08 16002.08 16002.08 16002.08 16002.08 16002.08 16000.50 16001.37 16001.37 16001.37 16001.37 16001.37 16001.37 16001.37 16001.37  1290.08 10203.17  1290.08 10203.17  1092.09 10203.17
16003.17 16003.17 16003.17 16003.17 16003.17 16003.17 16003.17 16003.17 16003.17 16000.52 16000.52  1277.85  9283.91 16001.21 16001.21 16001.21 16000.09 16000.07 16000.21 16003.17 16003.17  9283.91 16001.21 16001.21 16001.21 16000.09 16000.07 16000.21 16003.17 16003.17 16001.21 16001.21 16001.21 16000.09 16000.07 16000.21 16003.17 16003.17  1614.08  4085.79 16001.21 16001.21 16001.21 16003.17 16003.17  4085.79 16001.21 16001.21 16001.21 16003.17 16003.17 16001.21 16001.21 16001.21 16003.17 16003.17 16000.09 16000.21 16003.17 16003.17 16000.21 16003.17 16003.17 16003.17 16003.17  6514.73
  443.43 16002.18 16002.18 16002.18 10124.60 16002.18 16002.18 16000.49 16002.18 16000.49 16000.49 16002.18 16002.18 16002.18 10124.60 16002.18 16002.18 16000.49 16002.18 16000.49 16000.49  3462.91 16000.97 16002.18 16000.97 16000.97 16002.18 16000.31 16002.18 16002.18 16000.97 16002.18 16000.97 16000.97 16002.18 16000.31 16002.18 16002.18 16002.18  3817.13  1555.48 16002.18 16000.97 16002.18 16002.18 16002.18 16002.18 16000.49 16002.18 16000.49 16000.49  3817.13 16002.18 16000.97 16002.18 16002.18 16002.18 16000.97 16002.18 16002.18 16002.18  9990.14 14618.02 16002.18 16002.18 14618.02
16004.79  4743.01 16004.79 16004.79 16004.79 16004.79 16004.79 16000.68 16000.80 16000.68 16000.68 16004.79 16000.51  7105.48 16000.51  7105.48 16000.51 16004.79 16004.79 16004.79 16004.79 16004.79 16004.79 16004.79 16004.79 16004.79 16000.68 16000.80 16000.68 16000.68 16000.51  9145.31 16000.51  9145.31 16004.79 16004.79 16004.79 16004.79 16000.51  2803.45 16000.51 16004.79 16004.79 16004.79 16004.79 16000.51  8233.47 16004.79 16004.79 16004.79 16004.79 16000.51 16004.79 16004.79 16004.79 16004.79 16004.79 16004.79 16004.79 16004.79 16000.80 14360.56 14360.56 16000.80 16000.80 10482.76
  803.77  2637.33 16000.52 16000.52 16000.52 16000.52 16000.52 16002.02 16002.02 16002.02 16002.02  2637.33 16000.52 16000.52 16000.52 16000.52 16000.52 16002.02 16002.02 16002.02 16002.02 16000.52 16000.52 16000.52 16000.52 16000.52 16002.02 16002.02 16002.02 16002.02  8918.60  8918.60  8918.60  7729.65 16002.02 16002.02 16002.02 16002.02  1920.11   356.61  8918.60 16002.02 16002.02 16002.02 16002.02  1920.11  8918.60 16002.02 16002.02 16002.02 16002.02  8918.60 16002.02 16002.02 16002.02 16002.02 16002.02 16002.02 16002.02 16002.02 11669.92 16000.07 16000.07 16000.07 16000.07  8019.33
  873.78  4919.36 10614.93 10614.93  7408.49  6930.69 16000.87 16000.87 16000.87 16000.87 16000.31  4919.36 10614.93 10614.93  7408.49  6930.69 16000.87 16000.87 16000.87 16000.87 16000.31 10614.93 10614.93  7408.49  6930.69 16000.87 16000.87 16000.87 16000.87 16000.31  6831.75 10614.93 10614.93 16000.87 16000.87 16000.87 16000.87 16000.31 10614.93 10614.93 16000.87 16000.87 16000.87 16000.87 16000.31  7408.49 16000.87 16000.87 16000.87 16000.87 16000.31 16000.87 16000.87 16000.87 16000.87 16000.31 16000.03 16000.03 16000.03 16000.87  4056.68  5577.51 16000.87  5577.51 16000.87 16000.87
16001.56 16001.56 16001.56  8750.26  8750.26  7862.64  8750.26 16003.61 16003.61 16000.58 16000.58   825.54   825.54 16001.56 16001.56 16001.56 16001.56 16003.61 16003.61 16001.56 16001.56   686.05 16001.56 16001.56 16001.56 16001.56 16003.61 16003.61 16001.56 16001.56 16001.56 16001.56 16001.56 16001.56 16003.61 16003.61 16001.56 16001.56  2791.59  8750.26  7573.82 16003.61 16003.61 16000.58 16000.58  8750.26  7573.82 16003.61 16003.61 16000.58 16000.58  8750.26 16003.61 16003.61 16000.58 16000.58 16003.61 16003.61 16000.58 16000.58 16001.34 16003.61 16003.61 16003.61 16003.61 15814.73
16000.48 16000.48 16000.48 12035.45 12035.45 12035.45 12035.45 16001.90 16001.90 16001.90 16001.90 14661.49  7143.37 16000.48 16000.48 16000.48 16000.48 16001.90 16001.90 16001.90 16001.90 14661.49 16000.48 16000.48 16000.48 16000.48 16001.90 16001.90 16001.90 16001.90 16000.48 16000.48 16000.48 16000.48 16001.90 16001.90 16001.90 16001.90 10805.35 10805.35  7355.17 16001.90 16001.90 16001.90 16001.90  5250.05 10805.35 16001.90 16001.90 16001.90 16001.90 10805.35 16001.90 16001.90 16001.90 16001.90 16001.90 16001.90 16001.90 16001.90  1175.33  1928.27  5579.11  1928.27  5579.11  5579.11
