2 10
5
5


   -1.00    -1.00    -1.00    -1.00    -1.00    -1.00    -1.00    -1.00    -1.00 16000.09 16000.09 16000.09 16003.13 16003.13 16003.13 16003.13 16003.13  3036.16  5579.66 16003.13 16003.13 16003.13 16003.13 16003.13  5579.66 16003.13 16003.13 16003.13 16003.13 16003.13 16003.13 16003.13 16003.13 16003.13 16003.13 16000.03 16000.03 16000.03 16000.03  7089.71 12985.28  7304.79 12985.28  7304.79 12985.28
 1607.31  6644.49  5228.56  6644.49    -1.00 16000.77 16000.03 16004.32    -1.00  6644.49  5228.56  6644.49    -1.00 16000.77 16000.03 16004.32    -1.00  6644.49   362.05    -1.00 16000.77 16000.03 16004.32    -1.00  6644.49    -1.00 16000.77 16000.03 16004.32    -1.00    -1.00 16000.77 16000.03 16004.32    -1.00    -1.00    -1.00    -1.00    -1.00 16000.77 16004.32    -1.00 16004.32    -1.00    -1.00
  177.42 16001.42 13993.12  2026.56 16000.35 16000.29 16000.21 16000.21 16000.35 16001.42 13993.12  2026.56 16000.35 16000.29 16000.21 16000.21 16000.35 16001.42 16001.42 16001.42 16001.42 16001.42 16001.42 16001.42 13993.12 16000.35 16000.29 16000.21 16000.21 16000.35 16000.35 16000.29 16000.21 16000.21 16000.35 16000.35 16000.35 16000.35  2184.92 16000.29 16000.29 16000.35 11150.65 16000.35 16000.35
 5978.15 16000.71  3778.29 16000.71 16000.05 16000.05 16000.41 16001.12 16001.12 16000.71  5978.15 16000.71 16000.05 16000.05 16000.41 16001.12 16001.12 16000.71   189.30 16000.71 16000.71 16000.71 16001.12 16001.12 16000.71 16000.05 16000.05 16000.41 16001.12 16001.12 16000.71 16000.71 16000.71 16001.12 16001.12  3724.67 16000.41 16001.12 16001.12 16000.41 16001.12 16001.12 16001.12 16001.12   873.38
16001.43 16001.43  1676.53 16003.67 16003.67 16003.67 16003.67 16003.67 16003.67 16000.19 16001.43 16003.67 16003.67 16003.67 16003.67 16003.67 16003.67 16001.43 16003.67 16003.67 16003.67 16003.67 16003.67 16003.67 16003.67 16003.67 16003.67 16003.67 16003.67 16003.67 16000.34 16000.59 16000.34 16000.59 16000.34 16000.59 10031.62 16000.59 10031.62 16000.59  2436.24 16000.59 16000.59  1014.81 16000.59
 7190.65  6545.33 11446.92 11446.92 16000.15 16000.15 16000.15 16000.15 16000.15  7190.65 11446.92 11446.92 16000.15 16000.15 16000.15 16000.15 16000.15 11446.92 11446.92 16000.15 16000.15 16000.15 16000.15 16000.15  8096.79 16000.15 16000.15 16000.15 16000.15 16000.15 16000.15 16000.15 16000.15 16000.15 16000.15    64.46  5044.01  3527.87  3527.87  5044.01  3527.87  3527.87  5044.01  5044.01   779.68
 6471.18 11006.48  3793.96 11006.48 16000.17 16000.17 16000.17 16003.16 16000.17 11006.48  6471.18 11006.48 16000.17 16000.17 16000.17 16003.16 16000.17 11006.48   922.06 16000.17 16000.17 16000.17 16003.16 16000.17 11006.48 16000.17 16000.17 16000.17 16003.16 16000.17 16000.17 16000.17 16000.17 16003.16 16000.17  9136.69 15825.24 16003.16  9136.69 15825.24 16003.16  4618.78 16003.16 15825.24 16003.16
16002.80 16002.80 16002.80 16002.80 16002.80 16002.80 16000.14 16002.80 16002.80   880.36  9771.29  9771.29 16000.34 16000.34 16002.80 16000.33 16000.34  9771.29  9771.29 16000.34 16000.34 16002.80 16000.33 16000.34  1628.13 16000.34 16000.34 16002.80 16000.33 16000.34 16000.34 16000.34 16002.80 16000.33 16000.34 10158.20 16002.80 16000.34 10158.20 16002.80 16000.34  1294.17 16002.80 16002.80 16000.34
15853.11  5089.32  5089.32    -1.00 16000.00 16000.00 16001.09 16000.00 16000.00 15853.11 15853.11    -1.00 16000.00 16000.00 16001.09 16000.00 16000.00   271.97    -1.00 16000.00 16000.00 16001.09 16000.00 16000.00    -1.00 16000.00 16000.00 16001.09 16000.00 16000.00    -1.00    -1.00    -1.00    -1.00    -1.00 15644.09 16001.09 15644.09  4022.31 16001.09   250.45 15644.09 16001.09 16001.09 15644.09
   -1.00    -1.00  4126.40    -1.00 16002.18 16001.24 16002.18 16002.18 16002.18    -1.00    -1.00    -1.00    -1.00    -1.00    -1.00    -1.00    -1.00    -1.00    -1.00    -1.00    -1.00    -1.00    -1.00    -1.00    -1.00 16002.18 16001.24 16002.18 16002.18 16002.18    -1.00    -1.00    -1.00    -1.00    -1.00 16002.18  5635.90 13211.85 13211.85 16002.18 16002.18 16002.18 13211.85 13211.85   556.25
