2 8
4
4


 3090.68    -1.00 12004.18 12001.91 12001.91 12001.91 12001.91    -1.00 12004.18 12001.91 12001.91 12001.91 12001.91    -1.00    -1.00    -1.00    -1.00    -1.00 12004.18 12004.18 12004.18 12004.18 10861.41 10861.41 10861.41  2669.90  3715.91  3715.91
 5323.80  1731.85  9938.04 12001.83 12001.83 12001.83 12001.22  5323.80  9938.04 12001.83 12001.83 12001.83 12001.22  9938.04 12001.83 12001.83 12001.83 12001.22 12001.83 12001.83 12001.83 12001.22  6239.53  3999.66 12001.83  6239.53 12001.83 12001.83
   -1.00 12001.13 12006.21 12000.39 12000.39 12000.39    -1.00    -1.00    -1.00    -1.00    -1.00    -1.00    -1.00 12006.21 12001.13 12001.13 12001.13    -1.00 12006.21 12006.21 12006.21    -1.00  9304.22 10897.95    -1.00 10897.95    -1.00    -1.00
12002.39 12002.39 12002.39 12004.34 12000.31 12004.34 12000.29  2813.29  2813.29 12004.34 12002.39 12004.34 12002.39   313.75 12004.34 12002.39 12004.34 12002.39 12004.34 12002.39 12004.34 12002.39 12004.34 12000.42 12004.34 12004.34 12000.31 12004.34
 8429.88 12000.92   318.48 12000.82 12001.04 12000.92 12000.82 12000.92  8429.88 12000.82 12001.04 12000.92 12000.82 12000.92 12000.92 12001.04 12000.29 12000.92 12000.82 12001.04 12000.92 12000.82 12001.04 12000.92  1557.32 12001.04 12001.04 12000.92
 3884.71 12000.60 12000.60 12000.60    -1.00 12000.60    -1.00 12000.60 12000.60 12000.60    -1.00 12000.60    -1.00  8824.67 12000.53    -1.00 12000.53    -1.00 12000.53    -1.00 12000.53    -1.00    -1.00  4257.48    -1.00    -1.00    -1.00    -1.00
12002.81  9288.84  6483.18 12002.81 12002.81 12002.81 12002.81 12002.81 12002.81 12000.21 12000.21 12000.21 12000.21  9288.84 12002.81 12002.81 12002.81 12002.81 12002.81 12002.81 12002.81 12002.81     6.04  9475.86  9475.86  9475.86  9475.86  2215.46
12001.69  7870.40 12001.69    -1.00 12003.01 12003.01 12003.01 12001.69  4135.68    -1.00 12003.01 12003.01 12003.01 12001.69    -1.00 12003.01 12003.01 12003.01    -1.00 12003.01 12003.01 12003.01    -1.00    -1.00    -1.00  1185.26  5262.44  5262.44
 9134.15  9134.15  9134.15 12001.67 12000.99 12001.67 12001.67  7027.96  7027.96 12001.67 12000.99 12001.67 12001.67  4518.55 12001.67 12000.99 12001.67 12001.67 12001.67 12000.99 12001.67 12001.67 12001.67  3914.20  3914.20 12001.67 12001.67  1025.43
12003.78 12003.78    -1.00 12003.78 12003.78 12003.78 12003.78  9373.04    -1.00 12000.99 12000.99 12000.99 12000.87    -1.00 12000.99 12000.99 12000.99 12000.87    -1.00    -1.00    -1.00    -1.00  9371.91  9371.91 12000.99  6511.15 12000.99 12000.99
 9114.63 12000.52  9114.63 12001.03 12001.03 12001.03 12001.07 12000.52  3481.45 12001.03 12001.03 12001.03 12001.07 12000.52 12001.03 12001.03 12001.03 12001.07 12001.03 12001.03 12001.03 12001.07  4965.46  4965.46 12001.07  3842.43 12001.07 12001.07
12001.05  2390.80 12001.13 12001.05 12001.05    -1.00 12001.13 12001.05 12001.13 12000.43 12000.43    -1.00 12001.13 12001.13 12001.05 12001.05    -1.00 12001.13 12001.13 12001.13    -1.00 12000.14  5155.67    -1.00 12001.13    -1.00 12001.13    -1.00
12001.29   886.62 12001.29 12001.29    -1.00 12001.29 12001.29 12001.29  7593.05 12001.25    -1.00 12001.25 12001.25 12001.29 12001.29    -1.00 12001.29 12001.29 12001.25    -1.00 12001.25 12001.25    -1.00 10596.71  2341.43    -1.00    -1.00 10596.71
12001.01 12001.01 12001.01 12001.15 12000.19 12001.15 12001.15  4369.06  4369.06 12001.15 12001.01 12001.15 12001.15  3447.69 12001.15 12001.01 12001.15 12001.15 12001.15 12001.01 12001.15 12001.15 12001.15 12000.22 12000.27 12001.15 12001.15 12000.27
12001.24 12001.24 12000.63 12001.24 12001.24    -1.00 12001.24   898.26 12001.24 12001.08 12001.08    -1.00 12001.08 12001.24 12001.08 12001.08    -1.00 12001.08 12001.24 12001.24    -1.00 12001.24   195.34    -1.00 12000.12    -1.00 12000.12    -1.00
 8356.98  6289.05  6289.05 12001.80 12001.80 12001.80 12001.80  8356.98  8356.98 12001.80 12001.80 12001.80 12001.80   913.09 12001.80 12001.80 12001.80 12001.80 12001.80 12001.80 12001.80 12001.80 12000.87 12000.87 12000.87  3213.65 12000.50 12000.50
10501.45 10501.45 11605.03 12003.26 12003.26 12003.26 12003.26  3935.60 11605.03 12003.26 12003.26 12003.26 12003.26 11605.03 12003.26 12003.26 12003.26 12003.26 12003.26 12003.26 12003.26 12003.26 12002.51 12002.51 12002.51  8933.52   645.59  8933.52
   -1.00  1271.24 12002.64 12002.64 12000.93 12002.64 12002.64    -1.00    -1.00    -1.00    -1.00    -1.00    -1.00 12002.64 12002.64 12000.93 12002.64 12002.64 12000.13 12002.64 12000.15 12000.01 12002.64 12000.15 12000.13 12002.64 12002.64 12000.15
 3124.66  3124.66 12001.65 12001.99 12000.56 12001.99 12001.99  1260.77 12001.65 12001.99 12000.56 12001.99 12001.99 12001.65 12001.99 12000.56 12001.99 12001.99 12001.99 12001.65 12001.99 12001.99 12001.99  8883.16  3194.34 12001.99 12001.99  8883.16
12000.60  7249.14  7249.14 12002.55 12002.55 12002.55 12002.55 12000.60 12000.60 12002.55 12002.55 12002.55 12002.55  2317.99 12002.55 12002.55 12002.55 12002.55 12002.55 12002.55 12002.55 12002.55 12001.19 12001.19  5732.62   744.66 12001.19 12001.19
