3 15
5
5
5


16000.47 16000.47 16000.47  4531.65 16003.19 16002.69 16003.19 16003.19 16000.10 16000.47    -1.00 16000.47 16000.47 16000.47  6150.94  6150.94 16000.47 16003.19 16002.69 16003.19 16003.19 16000.47  6150.94    -1.00  6150.94 13636.58 13636.58    31.81 16000.47 16003.19 16002.69 16003.19 16003.19 16000.47  3250.12    -1.00  3250.12 13636.58 13636.58 16000.47 16003.19 16002.69 16003.19 16003.19 16000.47  3250.12    -1.00  3250.12 13636.58 13636.58 16003.19 16002.69 16003.19 16003.19 16000.10 16000.47    -1.00 16000.47 16000.47 16000.47 16003.19  9418.99  9418.99 16003.19 16003.19    -1.00 16003.19 16003.19 16003.19 16003.19 16003.19 16002.69 16002.69    -1.00 16002.69 16002.69 16002.69  4791.22 16003.19 16003.19    -1.00 16003.19 16003.19 16003.19 16003.19 16003.19    -1.00 16003.19 16003.19 16003.19 16000.47    -1.00 16000.47 16000.47 16000.47    -1.00  1347.65 13636.58 13636.58    -1.00    -1.00    -1.00 13636.58 13636.58  1036.06
16000.34 16001.10 16000.34 16001.10 16001.10 16001.10 16001.10 16001.10 16001.10 16001.10   493.74   550.98 16000.34    -1.00 16001.10  1035.35 16001.10 16001.10 16001.10 16001.10 16001.10 16001.10 16001.10 16000.34 16000.34 14387.59    -1.00 16001.10  8160.20 16000.22 16000.22 16000.22 16000.22 16000.22  8160.20 16001.10 16001.10 16001.10    -1.00 16001.10 16001.10 16001.10 16001.10 16001.10 16001.10 16001.10 16000.34 16000.34 14387.59    -1.00 16000.22 16000.22 16000.22 16000.22 16000.22  2904.71 16001.10 16001.10 16001.10    -1.00 16000.01 16000.01  6489.58 16000.01 16000.22 16001.10 16001.10 16001.10    -1.00  3277.46 16000.01 10869.89 16000.22 16001.10 16001.10 16001.10    -1.00 16000.01 10869.89 16000.22 16001.10 16001.10 16001.10    -1.00 16000.01 16000.22 16001.10 16001.10 16001.10    -1.00 16000.22 16001.10 16001.10 16001.10    -1.00 16001.10 16001.10 16001.10    -1.00   550.98 16000.34    -1.00 16000.34    -1.00    -1.00
 3624.14    -1.00 10818.00    -1.00 16002.39    -1.00 16002.39 16002.39    -1.00 16002.39 16002.39 16002.39 16002.39 16002.39    -1.00 10818.00    -1.00 16002.39    -1.00 16002.39 16002.39    -1.00 16002.39 16002.39 16002.39 16002.39 16002.39    -1.00    -1.00    -1.00    -1.00    -1.00    -1.00    -1.00    -1.00    -1.00    -1.00    -1.00    -1.00    -1.00 16002.39    -1.00 16002.39 16002.39    -1.00 16002.39 16002.39 16002.39 16002.39 16002.39    -1.00    -1.00    -1.00    -1.00    -1.00    -1.00    -1.00    -1.00    -1.00    -1.00    -1.00 16002.39  6578.30    -1.00 16002.39 16002.39 16002.39 16002.39 16002.39    -1.00    -1.00    -1.00    -1.00    -1.00    -1.00    -1.00    -1.00 16002.39    -1.00 16002.15 16002.15 16000.25 16002.15 16002.15    -1.00 16002.39 16002.39 16002.39 16002.39 16002.39    -1.00    -1.00    -1.00    -1.00    -1.00 11097.06 16002.15 11097.06  6534.15 16002.15  1691.45 11097.06 16002.15 16002.15 11097.06
16001.33    -1.00 12280.62 16000.68 16002.26 16002.26 16002.26 16001.57 16001.57 16001.33  3750.11 12280.62 16000.68  1645.34    -1.00 16001.33 16001.33 16002.26 16002.26 16002.26 16001.57 16001.57  2792.41 16001.33 16001.33 16001.33 16001.33    -1.00    -1.00    -1.00    -1.00    -1.00    -1.00    -1.00    -1.00    -1.00    -1.00    -1.00    -1.00 16000.68 16002.26 16002.26 16002.26 16001.57 16001.57 16001.33 12280.62  4686.08 16000.68 12280.62 16002.26 16002.26 16002.26 16001.57 16001.57 16001.33 16000.68 16000.68  5837.64 16000.68  6278.89  9310.24 16002.26 16002.26 16002.26 16002.26 16002.26 16002.26 16002.26  9310.24 16002.26 16002.26 16002.26 16002.26 16002.26 16002.26 16002.26 16002.26 16002.26 16002.26 16002.26 16002.26 16002.26 16002.26  1267.92 16001.57 16001.57 16001.57 16001.57 16001.57 16001.57 16001.57 16001.57 16001.57 16001.57 16001.33 16001.33 16001.33 16001.33 12280.62 16000.68  3750.11 16000.68 12280.62 16000.68
   -1.00    -1.00    -1.00    -1.00    -1.00    -1.00    -1.00    -1.00    -1.00    -1.00    -1.00    -1.00    -1.00    -1.00  2019.80 16005.25 16005.25 16002.79    -1.00 16002.79    -1.00 16002.79    -1.00  1531.89  6144.34 16005.25    -1.00 16005.25 16005.25 16002.79    -1.00 16002.79    -1.00 16002.79    -1.00  2019.80  6144.34 16005.25    -1.00  4410.30 16005.25    -1.00 16005.25    -1.00 16005.25    -1.00 16005.25 16005.25  2764.05    -1.00 16005.25    -1.00 16005.25    -1.00 16005.25    -1.00 16005.25 16005.25  4410.30    -1.00    -1.00  5601.76    -1.00 11294.88    -1.00 16002.79 16002.79 16005.25    -1.00    -1.00    -1.00    -1.00    -1.00    -1.00    -1.00    -1.00    -1.00    -1.00 11294.88    -1.00 16002.79 16002.79 16005.25    -1.00    -1.00    -1.00    -1.00    -1.00    -1.00    -1.00    -1.00 16002.79 16002.79 16005.25    -1.00    -1.00    -1.00    -1.00    -1.00  6144.34 16005.25    -1.00 16005.25    -1.00    -1.00
16000.61 16000.96 16000.96   751.15 16000.49    -1.00 16000.49 16000.01 16000.49 16000.96 16000.49 16000.61    -1.00 16000.96 16000.96 16000.96 16000.61 16000.61    -1.00 16000.61 16000.61 16000.61 16000.96 16000.61  6599.70    -1.00 16000.96  1317.45 16000.96 16000.96    -1.00 16000.96 16000.96 16000.96 16000.95 16000.96 16000.96    -1.00  1317.45 16000.96 16000.96    -1.00 16000.96 16000.96 16000.96 16000.95 16000.96 16000.96    -1.00   268.63 16000.49    -1.00 16000.49 16000.01 16000.49 16000.96 16000.49 16000.61    -1.00 16000.96    -1.00  9840.76 16000.49 16000.42 16000.96 16000.42 16000.61    -1.00 16000.96    -1.00    -1.00    -1.00    -1.00    -1.00    -1.00    -1.00    -1.00 16000.49 16000.42 16000.96 16000.42 16000.61    -1.00 16000.96 16000.49 16000.96 16000.49 16000.61    -1.00 16000.96 16000.96 16000.05 16000.61    -1.00 16000.96 16000.96 16000.96    -1.00 16000.95 16000.61    -1.00 16000.96    -1.00 16000.96    -1.00
   -1.00  3709.85 16000.57 10289.48 16002.05 16002.05 16000.21 16000.21 16002.05  3709.85 16002.05  8140.78  7846.34 16002.05    -1.00    -1.00    -1.00    -1.00    -1.00    -1.00    -1.00    -1.00    -1.00    -1.00    -1.00    -1.00    -1.00 16000.57 10289.48 16002.05 16002.05 16000.21 16000.21 16002.05  3011.49 16002.05  8140.78  7846.34 16002.05 16000.57 16002.05 16002.05 16000.57 16000.57 16002.05 16000.57 16002.05 16000.57 16000.57 16002.05 16002.05 16002.05 16000.21 16000.21 16002.05 10289.48 16002.05 10289.48 10289.48 16002.05 16001.32 16002.05 16002.05 16001.32 16002.05 16001.32 16002.05 16002.05 16001.32 16002.05 16002.05  4471.20 16002.05 16000.61 16002.05 16002.05 16000.61  1270.83 16002.05 16000.21 16002.05 16000.21 16000.21 16002.05 16002.05 16000.21 16002.05 16000.21 16000.21 16002.05 16002.05 16000.61 16002.05 16002.05 16000.61 16002.05  8140.78  7846.34 16002.05 16002.05 16002.05  2396.75  8140.78 16002.05 16002.05
 6606.25   259.26    -1.00 16005.41 16000.65 16002.74 16002.74 16002.74 16002.74    -1.00 16005.41 16005.41  6606.25 16000.25  6606.25    -1.00 16005.41 16000.65 16002.74 16002.74 16002.74 16002.74    -1.00 16005.41 16005.41   288.47 16000.25    -1.00 16005.41 16000.65 16002.74 16002.74 16002.74 16002.74    -1.00 16005.41 16005.41  6606.25 16000.25    -1.00    -1.00    -1.00    -1.00    -1.00    -1.00    -1.00    -1.00    -1.00    -1.00    -1.00 16005.41 16005.41 16005.41 16005.41 16005.41    -1.00  2515.77  4931.22 16005.41 16005.41 16002.74 16002.74 16002.74 16002.74    -1.00 16005.41 16005.41 16000.65 16000.65  2953.50  8075.34   581.71    -1.00 16005.41 16005.41 16002.74 16002.74  8075.34  2953.50    -1.00 16005.41 16005.41 16002.74 16002.74  8075.34    -1.00 16005.41 16005.41 16002.74 16002.74    -1.00 16005.41 16005.41 16002.74 16002.74    -1.00    -1.00    -1.00    -1.00  4931.22 16005.41 16005.41 16005.41 16005.41 16000.25
 3111.24 16000.99 16000.99   461.21 16000.39 16000.39 16000.39 16000.39 16000.39 16000.99 16000.99 16000.99  3162.70  3111.24 16000.99 16000.99  3111.24 16000.39 16000.39 16000.39 16000.39 16000.39 16000.99 16000.99 16000.99  3162.70   720.70 12153.32 16000.99 16000.99 16000.99 16000.99 16000.99 16000.99  7053.78 12153.32  7053.78 16000.99 16000.99 16000.99 16000.99 16000.99 16000.99 16000.99 16000.99 12153.32  1401.71 12153.32 16000.99 16000.99 16000.39 16000.39 16000.39 16000.39 16000.39 16000.99 16000.99 16000.99  3162.70  3111.24  4127.03  5908.69 16000.03  5908.69 16000.99 16000.99 16000.99 16000.39 16000.39  5908.69 16000.03  5908.69 16000.99 16000.99 16000.99 16000.39 16000.39 16000.03  3313.86 16000.99 16000.99 16000.99 16000.39 16000.39 16000.03 16000.99 16000.99 16000.99 16000.39 16000.39 16000.99 16000.99 16000.99 16000.39 16000.39 12153.32  5759.48 16000.99 16000.99 12153.32 16000.99 16000.99 16000.99 16000.99  3162.70
 2338.80    -1.00 15958.98 16005.77 16000.13 16000.13 16000.13 16000.13 16000.13 15958.98  5605.21 15958.98  5605.21  7100.76    -1.00 15958.98 16005.77 16000.13 16000.13 16000.13 16000.13 16000.13 15958.98  5605.21 15958.98  5605.21  7100.76    -1.00    -1.00    -1.00    -1.00    -1.00    -1.00    -1.00    -1.00    -1.00    -1.00    -1.00    -1.00 16005.77 16000.13 16000.13 16000.13 16000.13 16000.13  6916.98 15958.98  6916.98 15958.98 15958.98 16005.77 16005.77 16005.77 16005.77 16005.77 16005.77 16005.77 16005.77 16005.77 16005.77  2801.07 11704.61  2801.07 11704.61 16000.13 16000.13 16000.13 16000.13 16000.13 11704.61  1491.94 11704.61 16000.13 16000.13 16000.13 16000.13 16000.13 11704.61  1492.47 16000.13 16000.13 16000.13 16000.13 16000.13 11704.61 16000.13 16000.13 16000.13 16000.13 16000.13 16000.13 16000.13 16000.13 16000.13 16000.13 15958.98   972.46 15958.98 15958.98 15958.98  2723.57  7100.76 15958.98 15958.98  7100.76
