3 12
4
4
4


 4187.25  2068.94  6152.68  2068.94 16000.82  2068.94  3750.45 16000.76 16000.76 16000.76 16000.76  4187.25  6152.68  4187.25 16000.82  4187.25  4187.25 16000.76 16000.76 16000.76 16000.76  6152.68  1506.77 16000.82  1506.77  3750.45 16000.76 16000.76 16000.76 16000.76  6152.68 16000.82  6152.68  6152.68 16000.76 16000.76 16000.76 16000.76 16000.82  1055.66  3750.45 16000.76 16000.76 16000.76 16000.76 16000.82 16000.82 16000.82 16000.82 16000.82 16000.82  3750.45 16000.76 16000.76 16000.76 16000.76 16000.76 16000.76 16000.76 16000.76 16000.26  5032.96  9189.04 16000.26 16000.26  9189.04
   -1.00    -1.00    -1.00    -1.00    -1.00    -1.00    -1.00    -1.00    -1.00    -1.00    -1.00    -1.00    -1.00    -1.00    -1.00    -1.00    -1.00    -1.00    -1.00    -1.00    -1.00    -1.00    -1.00    -1.00    -1.00    -1.00    -1.00    -1.00    -1.00    -1.00  4246.76  4246.76 16003.65  4246.76 16005.86 16005.86 16005.86 16003.65  2858.71 16003.65  2631.45 16005.86 16005.86 16005.86 16003.65 16003.65  2858.71 16005.86 16005.86 16005.86 16003.65 16003.65 16005.86 16005.86 16005.86 16000.17 16005.86 16005.86 16005.86 16003.65  4463.64  4463.64 16005.86  2347.95 16005.86 16005.86
14194.22  2184.59 16002.36 14194.22    -1.00 14194.22 14194.22 16000.10 16000.72 16000.72 16000.72 14194.22 16002.36 12007.44    -1.00 12007.44 12007.44 16000.10 16000.72 16000.72 16000.72 16002.36 14194.22    -1.00 14194.22 14194.22 16000.10 16000.72 16000.72 16000.72 16002.36    -1.00 16002.36 16002.36 16002.36 16002.36 16002.36 16002.36    -1.00  6556.86  6556.86 16000.10 16000.72 16000.72 16000.72    -1.00    -1.00    -1.00    -1.00    -1.00    -1.00   211.94 16000.10 16000.72 16000.72 16000.72 16000.10 16000.72 16000.72 16000.72 16000.72 16000.72 16000.72  8545.17  2200.36  8545.17
 5035.67  1411.21 16000.05 12431.59    -1.00 16000.60 16000.60 16000.04 16000.60 16000.04 16000.60  5035.67 16000.05 12431.59    -1.00 16000.60 16000.60 16000.04 16000.60 16000.04 16000.60 16000.05 12431.59    -1.00 16000.60 16000.60 16000.04 16000.60 16000.04 16000.60 16000.05    -1.00 16000.60 16000.60 16000.05 16000.60 16000.05 16000.60    -1.00 16000.60 16000.60 16000.04 16000.60 16000.04 16000.60    -1.00    -1.00    -1.00    -1.00    -1.00    -1.00  8257.56 16000.60 16000.24 16000.60 16000.24 16000.60 16000.24 16000.60 16000.24 16000.60  4898.55 16000.60 16000.60  6392.18 16000.60
  169.76 16001.50  7154.87 16001.50  7154.87 16001.50 16001.50 16002.07 16002.07 16002.07 16002.07 16001.50  7154.87 16001.50  7154.87 16001.50 16001.50 16002.07 16002.07 16002.07 16002.07 16001.50  9801.41 16001.50  9801.41  9801.41 16002.07 16002.07 16002.07 16002.07 16001.50  2956.55 16001.50 16001.50 16002.07 16002.07 16002.07 16002.07 16001.50  4065.39  4381.96 16002.07 16002.07 16002.07 16002.07 16001.50 16001.50 16002.07 16002.07 16002.07 16002.07  4381.96 16002.07 16002.07 16002.07 16002.07 16002.07 16002.07 16002.07 16002.07 10951.23 15765.30 15765.30 15765.30 15765.30  4293.08
 3085.55  3647.58 10157.61  3085.55 16000.11 16002.07    -1.00 16002.07 16002.04 16002.07 16000.39  3647.58 10157.61  2898.03 16000.11 16002.07    -1.00 16002.07 16002.04 16002.07 16000.39 10157.61  3647.58 16000.11 16002.07    -1.00 16002.07 16002.04 16002.07 16000.39 10157.61 16000.11 16002.07    -1.00 16002.07 16002.04 16002.07 16000.39 16000.11 16002.07    -1.00 16002.07 16002.04 16002.07 16000.39 16002.07    -1.00 16002.07 16002.04 16002.07 16000.39    -1.00 16000.16 16002.07 16000.16 16002.07    -1.00    -1.00    -1.00    -1.00 16002.07  4379.72 16002.07 16002.07 16002.04 16002.07
16002.38 16002.38 16002.38 16003.52  2598.25 16002.38  2598.25 16000.04 16002.38 16000.04 16002.38  3129.64 10117.09 16003.52 16002.38  3129.64 16002.38 16002.38 16000.63 16002.38 16000.63 10117.09 16003.52 16002.38  2006.85 16002.38 16002.38 16000.63 16002.38 16000.63 16003.52 16002.38 10117.09 16002.38 16002.38 16000.63 16002.38 16000.63 16003.52 16003.52 16003.52 16003.52 16003.52 16003.52 16003.52 16002.38    37.06 16000.04 16002.38 16000.04 16002.38 16002.38 16002.38 16000.63 16002.38 16000.63 16000.04 16002.38 16000.04 16002.38 16002.38    69.99 16002.38 16002.38  7117.97 16002.38
 7262.79   841.12   841.12  7262.79  7262.79  7262.79 16004.91 16003.46 16003.46 16000.30 16003.46  7262.79  7262.79  3982.82  3928.94  3928.94 16004.91 16003.46 16003.46 16000.30 16003.46   647.97  7262.79  7262.79  7262.79 16004.91 16003.46 16003.46 16000.30 16003.46  7262.79  7262.79  7262.79 16004.91 16003.46 16003.46 16000.30 16003.46  3982.82  3982.82 16004.91 16003.46 16003.46 16000.30 16003.46   675.94 16004.91 16003.46 16003.46 16000.30 16003.46 16004.91 16003.46 16003.46 16000.30 16003.46 16004.91 16004.91 16004.91 16004.91 11537.49 16003.46 11537.49 16003.46  4231.88 16003.46
   -1.00  4429.40 16000.19 16000.19 16000.19 16000.19  5693.72 16002.53 16002.53 16002.53 16002.53    -1.00    -1.00    -1.00    -1.00    -1.00    -1.00    -1.00    -1.00    -1.00    -1.00 16000.19 16000.19 16000.19 16000.19  5693.72 16002.53 16002.53 16002.53 16002.53  6878.79  2653.39  2653.39 16000.19 16002.53 16002.53 16002.53 16002.53  6878.79  6878.79 16000.19 16002.53 16002.53 16002.53 16002.53   199.52 16000.19 16002.53 16002.53 16002.53 16002.53 16000.19 16002.53 16002.53 16002.53 16002.53 16002.53 16002.53 16002.53 16002.53 16000.20 13927.53 13927.53 16000.20 16000.20 12768.10
16000.12 16000.52 16000.52 16000.52 16000.52 16000.52 16000.52 16000.46 16000.46 16000.46 16000.52 16000.52 16000.52 16000.52 16000.52 16000.52 16000.52 16000.46 16000.46 16000.46 16000.52  1716.24 11220.89 13103.14  4659.07 11220.89 16000.52 16000.52 16000.52 16000.05 11220.89 13103.14  4659.07 11220.89 16000.52 16000.52 16000.52 16000.05 13103.14 11220.89   939.72 16000.52 16000.52 16000.52 16000.05 13103.14 13103.14 16000.52 16000.52 16000.52 16000.05 11220.89 16000.52 16000.52 16000.52 16000.05 16000.52 16000.52 16000.52 16000.05  3506.24  4683.14 16000.52  4683.14 16000.52 16000.52
16000.06   598.54  6152.31 16000.06    -1.00 16000.06 16000.89 16002.47 16002.13    -1.00    -1.00 16000.06 16000.06  6279.59    -1.00  1288.53 16000.89 16002.47 16002.13    -1.00    -1.00  6152.31 16000.06    -1.00 16000.06 16000.89 16002.47 16002.13    -1.00    -1.00 16000.06    -1.00 16000.06 16000.89 16002.47 16002.13    -1.00    -1.00    -1.00  6279.59 16000.89 16002.47 16002.13    -1.00    -1.00    -1.00    -1.00    -1.00    -1.00    -1.00    -1.00 16000.89 16002.47 16002.13    -1.00    -1.00 16002.47 16002.13    -1.00    -1.00 16002.47    -1.00    -1.00    -1.00    -1.00    -1.00
16002.26 16002.26    -1.00 16002.26  7016.97 16002.26  6811.06 16002.26 16002.26 16002.26 16002.26 16000.03    -1.00 16000.03 16002.26 16000.03 16002.26 16000.28 16001.51 16000.28 16001.51    -1.00  2478.93 16002.26  2478.93 16002.26 16000.28 16001.51 16000.28 16001.51    -1.00    -1.00    -1.00    -1.00    -1.00    -1.00    -1.00    -1.00 16002.26   631.41 16002.26 16000.28 16001.51 16000.28 16001.51 16002.26  7016.97 16002.26 16002.26 16002.26 16002.26 16002.26 16000.28 16001.51 16000.28 16001.51 16002.26 16002.26 16002.26 16002.26 16001.51  8301.97 16001.51 16001.51 16000.28 16001.51
   -1.00 16005.37 16005.37  1576.15 12178.77 16005.37 12178.77 16001.00 16001.00 16001.00 16001.00    -1.00    -1.00    -1.00    -1.00    -1.00    -1.00    -1.00    -1.00    -1.00    -1.00  6931.84 16005.37 16005.37  7968.09 16005.37 16005.37 16005.37 16005.37 16005.37 16005.37 16005.37  7968.09 16005.37 16005.37 16005.37 16005.37 16005.37 12178.77 16005.37 12178.77 16001.00 16001.00 16001.00 16001.00 16005.37   880.37 16001.00 16001.00 16001.00 16001.00 16005.37 16005.37 16005.37 16005.37 16005.37 16001.00 16001.00 16001.00 16001.00 16000.34 16000.34  1542.18  2151.05 16000.34 16000.34
12400.02 12400.02  7598.72  7598.72 12400.02 12400.02 12400.02 16001.67 16001.67 16001.67 16001.67  5574.86 12400.02 12400.02  5574.86  5574.86  5574.86 16001.67 16001.67 16001.67 16001.67 12400.02 12400.02  3460.82  3460.82  1386.02 16001.67 16001.67 16001.67 16001.67  5614.01 12400.02 12400.02 12400.02 16001.67 16001.67 16001.67 16001.67 12400.02 12400.02 12400.02 16001.67 16001.67 16001.67 16001.67  2336.76  3460.82 16001.67 16001.67 16001.67 16001.67  3460.82 16001.67 16001.67 16001.67 16001.67 16001.67 16001.67 16001.67 16001.67  2231.36 15131.68  2231.36 15131.68   702.40 15131.68
 8249.97  2614.19  8249.97 16000.49  8249.97  5119.85  9736.83 16000.04    -1.00 16004.09 16000.04  8249.97  2698.08 16000.49  3407.66  8249.97  9736.83 16000.04    -1.00 16004.09 16000.04  8249.97 16000.49  8249.97  5119.85  9736.83 16000.04    -1.00 16004.09 16000.04 16000.49  3407.66  8249.97  9736.83 16000.04    -1.00 16004.09 16000.04 16000.49 16000.49 16000.49 16000.49    -1.00 16004.09 16000.49  8249.97  9736.83 16000.04    -1.00 16004.09 16000.04  9736.83 16000.04    -1.00 16004.09 16000.04 16000.04    -1.00 16004.09 16000.04    -1.00 16004.09  5989.39    -1.00    -1.00 16004.09
   -1.00    -1.00    -1.00    -1.00    -1.00    -1.00    -1.00    -1.00    -1.00    -1.00    -1.00  5152.28  5152.28 16003.10 16003.10 16003.10  5152.28 16000.31 16001.57 16001.57 16001.57  3982.02 16003.10 16003.10 16003.10  3571.42 16000.31 16001.57 16001.57 16001.57 16003.10 16003.10 16003.10  3982.02 16000.31 16001.57 16001.57 16001.57 16001.01 16001.01 16003.10 16003.10 16003.10 16003.10 16003.10  1058.44 16003.10 16003.10 16003.10 16003.10 16003.10 16003.10 16003.10 16003.10 16003.10 16003.10 16000.31 16001.57 16001.57 16001.57 16001.57 16001.57 16001.57  3759.55  3714.17  3759.55
 9310.33  8504.01  9310.33    -1.00 16001.46 16005.35    -1.00 16001.46 16000.58 16000.58 16000.58  9310.33  5870.61    -1.00 16001.46 16005.35    -1.00 16001.46 16000.58 16000.58 16000.58  9310.33    -1.00 16001.46 16005.35    -1.00 16001.46 16000.58 16000.58 16000.58    -1.00 16001.46 16005.35    -1.00 16001.46 16000.58 16000.58 16000.58    -1.00    -1.00    -1.00    -1.00    -1.00    -1.00    -1.00 16005.35    -1.00 16000.02 16001.46 16001.46 16001.46    -1.00 16005.35 16005.35 16005.35 16005.35    -1.00    -1.00    -1.00    -1.00 16001.46 16001.46 16001.46 10379.94 15500.73 15500.73
16000.19  4515.53  3184.48 16000.46 16000.46    -1.00 16000.46 16001.03 16001.03 16001.03 16000.42 16000.19 16000.19 16000.46 16000.46    -1.00 16000.46 16001.03 16001.03 16001.03 16000.42  4515.53 16000.46 16000.46    -1.00 16000.46 16001.03 16001.03 16001.03 16000.42 16000.46 16000.46    -1.00 16000.46 16001.03 16001.03 16001.03 16000.42 12170.89    -1.00 12170.89 16001.03 16001.03 16001.03 16000.46    -1.00  1912.35 16001.03 16001.03 16001.03 16000.46    -1.00    -1.00    -1.00    -1.00    -1.00 16001.03 16001.03 16001.03 16000.46   520.70  1564.57 16001.03  1564.57 16001.03 16001.03
16001.89  8706.40 16000.20  5941.89 16001.89 16001.89  5941.89 16001.89    -1.00 16001.89 16001.89 16001.89 16001.89 16001.89  3124.39  2952.48 16001.89 16000.12    -1.00 16000.12 16000.12 16000.20  8706.40 16001.89 16001.89  8706.40 16001.89    -1.00 16001.89 16001.89 16000.20 16001.89 16001.89 16000.20 16001.89    -1.00 16001.89 16001.89 16001.89 16001.89  5051.69 16001.89    -1.00 16001.89 16001.89  3124.39 16001.89 16000.12    -1.00 16000.12 16000.12 16001.89 16000.12    -1.00 16000.12 16000.12 16001.89    -1.00 16001.89 16001.89    -1.00 13570.16 13570.16    -1.00    -1.00  6711.23
16000.22 13679.89 13679.89 16000.22 16000.25 16000.25 16000.22 16000.48 16000.48 16000.48 16000.48 16000.22 16000.22  3470.11 16000.25 16000.25  3470.11 16000.48 16000.48 16000.48 16000.48  2407.64 16000.22 16000.25 16000.25 16000.22 16000.48 16000.48 16000.48 16000.48 16000.22 16000.25 16000.25 16000.22 16000.48 16000.48 16000.48 16000.48 16000.25 16000.25  1303.29 16000.48 16000.48 16000.48 16000.48   898.59 16000.25 16000.48 16000.48 16000.48 16000.48 16000.25 16000.48 16000.48 16000.48 16000.48 16000.48 16000.48 16000.48 16000.48  4396.97 16000.19  4396.97 16000.19   890.02 16000.19
