3 15
5
5
5


20002.49 20002.49    -1.00 20002.49 20000.32 20002.49 20000.32    -1.00 20000.32    -1.00 20002.49 20002.49 20002.49 20002.49 11171.80    -1.00 11171.80 20002.49 20000.74 20002.49    -1.00 20002.49    -1.00 20000.06 20000.06 20000.06 20000.06    -1.00  9698.67 20002.49 20000.74 20002.49    -1.00 20002.49    -1.00 20000.06 20000.06 20000.06 20000.06    -1.00    -1.00    -1.00    -1.00    -1.00    -1.00    -1.00    -1.00    -1.00    -1.00    -1.00 20002.49 20000.74 20002.49    -1.00 20002.49    -1.00 20000.06 20000.06 20000.06 20000.06 20002.49 18826.62    -1.00 18826.62    -1.00 20002.49 20002.49 20002.49 20002.49 20002.49    -1.00 20002.49    -1.00 20000.74 20000.74 20000.74 20000.74    -1.00  8855.09    -1.00 20002.49 20002.49 20002.49 20002.49    -1.00    -1.00    -1.00    -1.00    -1.00    -1.00    -1.00 20002.49 20002.49 20002.49 20002.49    -1.00    -1.00    -1.00    -1.00  1613.47 12091.37 18980.07 12091.37 18980.07 18980.07
20001.26 20001.26 20001.26  7260.49 20001.26    -1.00 20002.34 20001.26 20002.34 20001.26 20001.26 20001.26    -1.00    -1.00  4142.43  1251.71 20001.26 20000.17    -1.00 20002.34 20000.17 20002.34 20000.73 20000.43 20000.43    -1.00    -1.00  4142.43 20001.26 20000.17    -1.00 20002.34 20000.17 20002.34 20000.73 20000.43 20000.43    -1.00    -1.00 20001.26 20000.17    -1.00 20002.34 20000.17 20002.34 20000.73 20000.43 20000.43    -1.00    -1.00 20001.26    -1.00 20002.34 20001.26 20002.34 20001.26 20001.26 20001.26    -1.00    -1.00    -1.00 20002.34  9611.69 20002.34 20000.73 20000.43 20000.43    -1.00    -1.00    -1.00    -1.00    -1.00    -1.00    -1.00    -1.00    -1.00    -1.00 20002.34  7215.07 20002.34 20002.34 20002.34    -1.00    -1.00 20002.34 20000.73 20000.43 20000.43    -1.00    -1.00 20002.34 20002.34 20002.34    -1.00    -1.00 20000.73 20000.73    -1.00    -1.00 13915.00    -1.00    -1.00    -1.00    -1.00    -1.00
   -1.00    -1.00    -1.00    -1.00    -1.00    -1.00    -1.00    -1.00    -1.00    -1.00    -1.00    -1.00    -1.00    -1.00    -1.00  2563.02  2563.02 20001.47 20001.47 20001.47 20001.47 20004.79 20000.50 20000.50 20000.48 20000.50 20000.50    -1.00    -1.00    -1.00    -1.00    -1.00    -1.00    -1.00    -1.00    -1.00    -1.00    -1.00    -1.00  1057.15 20001.47 20001.47 20001.47 20001.47 20004.79 20000.50 20000.50 20000.48 20000.50 20000.50 20001.47 20001.47 20001.47 20001.47 20004.79 20000.50 20000.50 20000.48 20000.50 20000.50  9697.12  9697.12  5608.90 20004.79 20001.47 20001.47 20001.47 20001.47 20001.47  1618.94  9697.12 20004.79 20001.47 20001.47 20001.47 20001.47 20001.47  9697.12 20004.79 20001.47 20001.47 20001.47 20001.47 20001.47 20004.79 20001.47 20001.47 20001.47 20001.47 20001.47 20004.79 20004.79 20004.79 20004.79 20004.79  9476.70 20000.50  9476.70  3492.89 20000.50  4202.62  9476.70 20000.50 20000.50  9476.70
 6980.53 20004.68  6980.53 20004.68 20004.68 20001.42 20004.68 20001.42 20004.68 20004.68 20004.68 20004.68 20004.68 20004.68 20004.68  5282.58 20004.68 20004.68 20001.42 20004.68 20001.42 20004.68 20004.68 20004.68 20004.68 20004.68 20004.68 20004.68   219.73 20000.36 20004.68 20000.36 20004.68 20000.36 20000.09 20000.09 20000.09 20000.09 20000.09 20004.68 20004.68 20001.42 20004.68 20001.42 20004.68 20004.68 20004.68 20004.68 20004.68 20004.68 20000.36 20004.68 20000.36 20004.68 20000.36 20000.09 20000.09 20000.09 20000.09 20000.09 20004.68   988.82 20004.68   484.01 20000.36 20000.36 20000.36 20000.36 20000.36 20004.68  5334.67 20004.68 20004.68 20004.68 20004.68 20004.68 20004.68 20004.68   988.82 20000.36 20000.36 20000.36 20000.36 20000.36 20004.68 20004.68 20004.68 20004.68 20004.68 20004.68 20000.36 20000.36 20000.36 20000.36 20000.36 10928.19  5118.08  5118.08 18285.19 10928.19 10928.19 18285.19  3382.01 18285.19 18285.19
20001.02 20001.02 20001.02 20001.02 20000.06 20000.06 20000.06 20000.06 20000.06 20001.02 20001.02 20001.02 20001.02 20001.02  1938.34 10048.17  1938.34 20001.02 20001.02 20001.02 20001.02 20001.02 17379.12 17379.12 17379.12 17379.12 17379.12 10048.17   577.21 20001.02 20001.02 20001.02 20001.02 20001.02 17379.12 17379.12 17379.12 17379.12 17379.12 10048.17 20001.02 20001.02 20001.02 20001.02 20001.02 17379.12 17379.12 17379.12 17379.12 17379.12 20001.02 20001.02 20001.02 20001.02 20001.02 17379.12 17379.12 17379.12 17379.12 17379.12 14592.63  8579.01   124.76 14592.63 20001.02 20001.02 20001.02 20001.02 20001.02 14592.63 14592.63   631.21 20001.02 20001.02 20001.02 20001.02 20001.02  8579.01 14592.63 20001.02 20001.02 20001.02 20001.02 20001.02 14592.63 20001.02 20001.02 20001.02 20001.02 20001.02 20001.02 20001.02 20001.02 20001.02 20001.02  2926.93  8622.46  2926.93  8622.46  8622.46  2428.50  8622.46  8622.46  7133.39  8622.46
20003.58 20003.58 20003.58  8441.66    -1.00 20000.07    -1.00 20000.07 20003.58 20003.58 20002.76 20002.76    -1.00    -1.00  4908.62  4908.62 20003.58    -1.00 20003.58    -1.00 20003.58 20000.40 20000.29 20003.58 20003.58    -1.00    -1.00    10.84 20003.58    -1.00 20003.58    -1.00 20003.58 20000.40 20000.29 20003.58 20003.58    -1.00    -1.00 20003.58    -1.00 20003.58    -1.00 20003.58 20000.40 20000.29 20003.58 20003.58    -1.00    -1.00    -1.00 20000.07    -1.00 20000.07 20003.58 20003.58 20002.76 20002.76    -1.00    -1.00    -1.00    -1.00    -1.00    -1.00    -1.00    -1.00    -1.00    -1.00    -1.00    -1.00 15275.24 20003.58 20003.58 20002.76 20002.76    -1.00    -1.00    -1.00    -1.00    -1.00    -1.00    -1.00    -1.00    -1.00 20003.58 20003.58 20002.76 20002.76    -1.00    -1.00 20000.40 20003.58 20003.58    -1.00    -1.00 20003.58 20003.58    -1.00    -1.00 16233.29    -1.00    -1.00    -1.00    -1.00    -1.00
20004.20  3533.92 20004.20 20004.20 20004.20 20004.20 20004.20 20004.20 20000.28 20004.20    -1.00 20004.20 20004.20    -1.00 20004.20 11375.08 11375.08 20002.72 20002.72 20002.72 20003.17 20004.20 20002.72    -1.00 19317.59 20002.72    -1.00 20004.20 20004.20 20004.20 20004.20 20004.20 20004.20 20000.28 20004.20    -1.00 20004.20 20004.20    -1.00   254.71 20002.72 20002.72 20002.72 20003.17 20004.20 20002.72    -1.00 19317.59 20002.72    -1.00 20002.72 20002.72 20002.72 20003.17 20004.20 20002.72    -1.00 19317.59 20002.72    -1.00  2130.05  2130.05 20003.17 20004.20 20000.13    -1.00 20002.72 20000.13    -1.00   516.46 20003.17 20004.20 20000.13    -1.00 20002.72 20000.13    -1.00 20003.17 20004.20 20000.13    -1.00 20002.72 20000.13    -1.00 20004.20 20003.17    -1.00 20003.17 20003.17    -1.00 20004.20    -1.00 20004.20 20004.20    -1.00    -1.00 20002.72  7422.38    -1.00    -1.00    -1.00    -1.00 20002.72    -1.00    -1.00
  355.37 20000.41 20000.41 20001.63 20001.63 20001.63    -1.00    -1.00 20000.28 17742.58 17742.58    -1.00 17742.58 18300.48 20000.41 20000.41 20001.63 20001.63 20001.63    -1.00    -1.00 20000.28 17742.58 17742.58    -1.00 17742.58 18300.48  7655.68 20001.63 20001.63 20001.63    -1.00    -1.00 20000.41 20000.41 20000.41    -1.00 20000.41 20000.41 20001.63 20001.63 20001.63    -1.00    -1.00 20000.41 20000.41 20000.41    -1.00 20000.41 20000.41 20000.16 20000.16    -1.00    -1.00 20001.63 20001.63 20001.63    -1.00 20001.63 20001.63  4396.99    -1.00    -1.00 20001.63 20001.63 20001.63    -1.00 20001.63 20001.63    -1.00    -1.00 20001.63 20001.63 20001.63    -1.00 20001.63 20001.63    -1.00    -1.00    -1.00    -1.00    -1.00    -1.00    -1.00    -1.00    -1.00    -1.00    -1.00    -1.00    -1.00 20000.28 20000.28    -1.00 20000.28 20000.28   536.75    -1.00  4085.95 18300.48    -1.00  4085.95 18300.48    -1.00    -1.00 18300.48
20000.16 20000.16  7131.87 20000.16 20000.05 20000.16 20000.16 20000.16 20002.34 16990.49 20000.16 20000.16    -1.00 16990.49  9857.64 20000.16  3084.27 20000.16 20000.10 20000.10 20000.10 20002.34 20000.16 16689.76 16689.76    -1.00 20000.16 20000.16  9857.64 20000.16 20000.10 20000.10 20000.10 20002.34 20000.16 16689.76 16689.76    -1.00 20000.16 20000.16 20000.05 20000.16 20000.16 20000.16 20002.34 16990.49 20000.16 20000.16    -1.00 16990.49 20000.16 20000.10 20000.10 20000.10 20002.34 20000.16 16689.76 16689.76    -1.00 20000.16 20000.16 20000.16 20000.16 20002.34 20000.05 20000.16 20000.16    -1.00 20000.05 10420.13 10420.13 20002.34 20000.16 20000.10 20000.10    -1.00 20000.16  4542.33 20002.34 20000.16 20000.10 20000.10    -1.00 20000.16 20002.34 20000.16 20000.10 20000.10    -1.00 20000.16 20002.34 20002.34 20002.34    -1.00 20002.34 20000.16 20000.16    -1.00   606.52   110.51    -1.00 20000.16    -1.00 20000.16    -1.00
 8799.55 14678.36 14678.36  8799.55 20001.39 20001.39 20001.39 20001.39 20001.39 20002.89    -1.00 20002.89 20002.89 20001.39 14678.36 14678.36  3984.26 20001.39 20001.39 20001.39 20001.39 20001.39 20002.89    -1.00 20002.89 20002.89 20001.39  4131.88 14678.36 20001.39 20001.39 20001.39 20001.39 20001.39 20002.89    -1.00 20002.89 20002.89 20001.39 14678.36 20001.39 20001.39 20001.39 20001.39 20001.39 20002.89    -1.00 20002.89 20002.89 20001.39 20001.39 20001.39 20001.39 20001.39 20001.39 20002.89    -1.00 20002.89 20002.89 20001.39 12796.06   295.28  3404.84 12796.06 20002.89    -1.00 20002.89 20002.89 20000.25 12796.06 12796.06  1209.03 20002.89    -1.00 20002.89 20002.89 20000.25  3404.84 12796.06 20002.89    -1.00 20002.89 20002.89 20000.25 12796.06 20002.89    -1.00 20002.89 20002.89 20000.25 20002.89    -1.00 20002.89 20002.89 20000.25    -1.00  4620.13  3265.35 20002.89    -1.00    -1.00    -1.00  4620.13 20002.89 20002.89
20001.71    -1.00    -1.00 20001.71 20002.59 20002.59 20002.59    -1.00 20002.59 16855.24 20001.71 20001.71 16855.24 16855.24    -1.00    -1.00 20000.74 20002.59 20002.59 20002.59    -1.00 20002.59 20001.71 16196.89 16196.89 20001.71 20001.71    -1.00    -1.00    -1.00    -1.00    -1.00    -1.00    -1.00    -1.00    -1.00    -1.00    -1.00    -1.00    -1.00    -1.00    -1.00    -1.00    -1.00    -1.00    -1.00    -1.00    -1.00    -1.00    -1.00 20002.59 20002.59 20002.59    -1.00 20002.59 20001.71 20000.74 20000.74 20001.71 20001.71 12823.52  2146.57    -1.00 12823.52 20002.59 20002.59 20002.59 20002.59 20002.59 12823.52    -1.00 10177.21 20002.59 20002.59 20002.59 20002.59 20002.59    -1.00 12823.52 20002.59 20002.59 20002.59 20002.59 20002.59    -1.00    -1.00    -1.00    -1.00    -1.00    -1.00 20002.59 20002.59 20002.59 20002.59 20002.59 20001.71 20001.71  8084.74  8084.74  3935.14 20001.71 20001.71 20001.71 20001.71   190.07
 1381.59  3506.56 11338.25   315.11 20003.85 20000.16 20000.16    -1.00 20000.16 20003.85 20003.85 20003.85 20003.85    -1.00  3506.56 11338.25  1381.59 20003.85 20000.16 20000.16    -1.00 20000.16 20003.85 20003.85 20003.85 20003.85    -1.00 11338.25  3506.56 20003.85 20000.16 20000.16    -1.00 20000.16 20003.85 20003.85 20003.85 20003.85    -1.00 11338.25 20003.85 20000.16 20000.16    -1.00 20000.16 20003.85 20003.85 20003.85 20003.85    -1.00 20003.85 20000.16 20000.16    -1.00 20000.16 20003.85 20003.85 20003.85 20003.85    -1.00 20003.85 20003.85    -1.00 20003.85 20000.18 20000.18 20000.18 20000.18    -1.00   685.42    -1.00  9596.65 20003.85 20003.85 20003.85 20003.85    -1.00    -1.00  9596.65 20003.85 20003.85 20003.85 20003.85    -1.00    -1.00    -1.00    -1.00    -1.00    -1.00    -1.00 20003.85 20003.85 20003.85 20003.85    -1.00  4933.33    55.81  4933.33    -1.00  4933.33   847.18    -1.00  4933.33    -1.00    -1.00
 2345.89 20001.16    -1.00 20001.01 20000.62 20000.62 20000.62 20000.62 20000.62 20001.16 20001.01 20001.16 20001.01 20001.01 20001.16    -1.00 20001.01 20000.62 20000.62 20000.62 20000.62 20000.62 20001.16 20001.01 20001.16 20001.01 20001.01    -1.00 20001.16 20001.16 20001.16 20001.16 20001.16 20001.16 19096.08 20001.16 19096.08 20001.16 20001.16    -1.00    -1.00    -1.00    -1.00    -1.00    -1.00    -1.00    -1.00    -1.00    -1.00    -1.00 20001.01 20001.01 20001.01 20001.01 20001.01 20001.16 20000.62 20001.16 20000.62 20000.62 20000.02 12583.33  1831.01  3308.54 20001.16 20001.01 20001.16 20001.01 20001.01 20000.02 20000.02 20000.02 20001.16 20001.01 20001.16 20001.01 20001.01 12583.33 12583.33 20001.16 20001.01 20001.16 20001.01 20001.01  3308.54 20001.16 20001.01 20001.16 20001.01 20001.01 20001.16 20001.01 20001.16 20001.01 20001.01 20001.16   855.26 20001.16 20001.16 20001.16 19062.00 19062.00 20001.16 20001.16 13902.75
 5724.96 19317.36  5668.81    -1.00    -1.00 20001.24 20001.24 20001.24 20000.81 19317.36 19317.36 20001.24 20001.24 19317.36 19317.36  5724.96    -1.00    -1.00 20001.24 20001.24 20001.24 20000.81 19317.36 19317.36 20001.24 20001.24 19317.36 19317.36    -1.00    -1.00 20001.24 20001.24 20001.24 20000.81 18912.19 18912.19 20001.24 20001.24 18912.19    -1.00    -1.00 20001.24 20001.24 20001.24 20000.81 19317.36 19317.36 20001.24 20001.24 19317.36    -1.00    -1.00    -1.00    -1.00    -1.00    -1.00    -1.00    -1.00    -1.00    -1.00    -1.00    -1.00    -1.00    -1.00    -1.00    -1.00    -1.00    -1.00    -1.00  2732.06  1022.20 20001.24 20001.24 20001.24 20000.58 20000.58 20001.24  2732.06 20001.24 20001.24 20001.24 20000.58 20000.58 20001.24 20001.24 20001.24 20001.24 20000.58 20000.58 20001.24 20000.81 20000.81 20001.24 20001.24 20000.81  4980.79 20001.24 20001.24  4980.79 20001.24 20001.24   723.67  4824.82 20001.24 20001.24
   64.77 10901.83 20001.83    -1.00 20004.94 20004.94 20004.94 20004.94 20001.83 19311.43 19311.43 19311.43 19311.43 19670.79 10901.83 20001.83    -1.00 20004.94 20004.94 20004.94 20004.94 20001.83 19311.43 19311.43 19311.43 19311.43 19670.79 20001.83    -1.00 20004.94 20004.94 20004.94 20004.94 20001.83 19311.43 19311.43 19311.43 19311.43 19670.79    -1.00 20004.94 20004.94 20004.94 20004.94 20000.10 20001.83 20001.83 20001.83 20001.83 20001.83    -1.00    -1.00    -1.00    -1.00    -1.00    -1.00    -1.00    -1.00    -1.00    -1.00   678.80 20000.30   503.49 20004.94 20004.94 20004.94 20004.94 20004.94 20004.94 20000.30   678.80 20004.94 20004.94 20004.94 20004.94 20004.94 20004.94 20000.30 20004.94 20004.94 20004.94 20004.94 20004.94 20004.94 20004.94 20004.94 20004.94 20004.94 20004.94 20004.94 20001.83 20001.83 20001.83 20001.83 20001.83 16323.54  7658.69 11248.02 19670.79 16323.54 16323.54 19670.79 11248.02 19670.79 19670.79
10553.06 20003.24 20003.24 20003.24 20003.24 20003.24 20003.24 20003.24 20003.24 20000.26 18095.69    -1.00 20000.26 18095.69 20003.24 20003.24 20003.24 20003.24 20003.24 20003.24 20003.24 20003.24 20000.26 18095.69    -1.00 20000.26 18095.69  6215.42  6215.42 20000.79 20001.25 20000.79 20001.25 20001.25 20003.24 20003.24    -1.00 20003.24 20003.24  4211.07 20000.79 20001.25 20000.79 20001.25 20001.25 20003.24 20003.24    -1.00 20003.24 20003.24 20000.79 20001.25 20000.79 20001.25 20001.25 20003.24 20003.24    -1.00 20003.24 20003.24 20001.25  5389.70 20001.25 20001.25 20003.24 20003.24    -1.00 20003.24 20003.24 20001.25  5796.10 14322.86 20003.24 20003.24    -1.00 20003.24 20003.24 20001.25 20001.25 20003.24 20003.24    -1.00 20003.24 20003.24 14322.86 20003.24 20003.24    -1.00 20003.24 20003.24 20003.24 20003.24    -1.00 20003.24 20003.24 20000.26    -1.00   845.48 20000.26    -1.00 20000.26   701.48    -1.00    -1.00 20000.26
13227.11  8164.84  1679.53 17041.24 20000.83 20004.41 20004.41 20004.41 20000.83 20000.11 20000.11 20000.11 20000.11 20000.11 13227.11 13227.11 17041.24 20000.83 20004.41 20004.41 20004.41 20000.83 20000.11 20000.11 20000.11 20000.11 20000.11  8164.84 17041.24 20000.83 20004.41 20004.41 20004.41 20000.83 20000.11 20000.11 20000.11 20000.11 20000.11 17041.24 20000.83 20004.41 20004.41 20004.41 20000.83 20000.11 20000.11 20000.11 20000.11 20000.11 20000.83 20004.41 20004.41 20004.41 20000.83 20000.11 20000.11 20000.11 20000.11 20000.11 20004.41 20004.41 20004.41 19362.88 20000.83 20000.83 20000.83 20000.83 20000.83  7781.17  7781.17 20004.41 20004.41 20004.41 20004.41 20004.41 20004.41   427.93 20004.41 20004.41 20004.41 20004.41 20004.41 20004.41 20004.41 20004.41 20004.41 20004.41 20004.41 20004.41 20000.83 20000.83 20000.83 20000.83 20000.83 17314.54  1596.43 17314.54 17314.54 17314.54  4001.69  7018.38 17314.54 17314.54  7018.38
   -1.00    -1.00    -1.00    -1.00    -1.00    -1.00    -1.00    -1.00    -1.00    -1.00    -1.00    -1.00    -1.00    -1.00 19177.44 10795.61 10795.61 20000.07 20000.07 20000.07 20000.07 20000.07 20002.81 20002.81 17933.30 17933.30 17933.30 19177.44 19177.44 20000.07 20000.07 20000.07 20000.07 20000.07 20002.81 20002.81 19177.44 19177.44 19177.44  4837.51 20000.07 20000.07 20000.07 20000.07 20000.07 20002.81 20002.81 17933.30 17933.30 17933.30 20000.07 20000.07 20000.07 20000.07 20000.07 20002.81 20002.81 17933.30 17933.30 17933.30   833.20  5655.91  5655.91 12384.15 20002.81 20002.81 20000.07 20000.07 20000.07  5655.91  5655.91 12384.15 20002.81 20002.81 20000.07 20000.07 20000.07  3664.94 12384.15 20002.81 20002.81 20000.07 20000.07 20000.07 12384.15 20002.81 20002.81 20000.07 20000.07 20000.07 20002.81 20002.81 20000.07 20000.07 20000.07  5569.13 20002.81 20002.81 20002.81 20002.81 20002.81 20002.81  7514.52  7514.52  1851.58
 4298.57    -1.00  4839.37    -1.00 20003.96    -1.00 20003.96 20003.96 20000.56 20002.71 20002.71 20002.71    -1.00 20002.71    -1.00  4839.37    -1.00 20003.96    -1.00 20003.96 20003.96 20000.56 20002.71 20002.71 20002.71    -1.00 20002.71    -1.00    -1.00    -1.00    -1.00    -1.00    -1.00    -1.00    -1.00    -1.00    -1.00    -1.00    -1.00    -1.00 20003.96    -1.00 20003.96 20003.96 20000.56 20002.71 20002.71 20002.71    -1.00 20002.71    -1.00    -1.00    -1.00    -1.00    -1.00    -1.00    -1.00    -1.00    -1.00    -1.00    -1.00  3181.27 11958.91 20003.96 20003.96 20003.96 20003.96    -1.00 20003.96    -1.00    -1.00    -1.00    -1.00    -1.00    -1.00    -1.00    -1.00 11958.91 20003.96 20003.96 20003.96 20003.96    -1.00 20003.96 20003.96 20003.96 20003.96 20003.96    -1.00 20003.96 20002.71 20002.71 20002.71    -1.00 20002.71  1409.63 11002.20    -1.00 11002.20 11002.20    -1.00 11002.20    -1.00  9283.04    -1.00
 1812.38 18201.70 18168.13 18201.70 20000.14 20003.37 20000.14 20003.37 20000.14 17172.83 17172.83 20004.94 17172.83 17172.83 18201.70 18168.13 18201.70 20000.14 20003.37 20000.14 20003.37 20000.14 17172.83 17172.83 20004.94 17172.83 17172.83 18201.70  6977.11 20000.14 20003.37 20000.14 20003.37 20000.14 18201.70 18201.70 20004.94 18201.70 18201.70 18201.70 20000.14 20003.37 20000.14 20003.37 20000.14 18168.13 18168.13 20004.94 18168.13 18168.13 20000.14 20003.37 20000.14 20003.37 20000.14 18201.70 18201.70 20004.94 18201.70 18201.70 20003.37 10203.92 20003.37  2157.44 20000.14 20000.14 20004.94 20000.14 20000.14 20003.37  2122.20 20003.37 20003.37 20003.37 20004.94 20003.37 20003.37 20003.37 10203.92 20000.14 20000.14 20004.94 20000.14 20000.14 20003.37 20003.37 20003.37 20004.94 20003.37 20003.37 20000.14 20000.14 20004.94 20000.14 20000.14 11231.51 20004.94 11231.51  3758.11 20004.94  3820.72 11231.51 20004.94 20004.94 11231.51
