3 12
4
4
4


20000.13 20000.13    -1.00 20000.76 20000.76 20000.76 20001.71 20000.13 20000.13 20000.38 20000.13  2792.65    -1.00 20000.76 20000.76 20000.76 20001.71 16738.09  8925.45 20000.38  8925.45    -1.00 20000.76 20000.76 20000.76 20001.71 16738.09  8925.45 20000.38  8925.45    -1.00    -1.00    -1.00    -1.00    -1.00    -1.00    -1.00    -1.00 10730.38 10730.38 20001.71 20000.76 20000.76 20000.76 20000.76   413.55 20001.71 20000.76 20000.76 20000.76 20000.76 20001.71 20000.76 20000.76 20000.76 20000.76 20001.71 20001.71 20001.71 20001.71 16738.09 20000.38 16738.09 20000.38  6479.71 20000.38
   -1.00    -1.00    -1.00    -1.00    -1.00    -1.00    -1.00    -1.00    -1.00    -1.00    -1.00 20000.22  1519.06 20000.10 20002.11    -1.00 20002.11 14090.42 11245.27 14090.42 14090.42 20000.22 20000.22 20002.11    -1.00 20002.11 20000.22 20000.22 20000.22 20000.22 20000.10 20002.11    -1.00 20002.11 14090.42 11245.27 14090.42 14090.42 20002.11    -1.00 20002.11 20000.10 20000.10 20000.10 20000.10    -1.00  7399.00 20002.11 20002.11 20002.11 20002.11    -1.00    -1.00    -1.00    -1.00    -1.00 20002.11 20002.11 20002.11 20002.11 14090.42 12940.11 12940.11 14090.42 14090.42  4351.30
   -1.00 20003.66  1639.38 20000.24 20003.66 20003.66 20000.05  7767.11 20003.66    -1.00  7767.11    -1.00    -1.00    -1.00    -1.00    -1.00    -1.00    -1.00    -1.00    -1.00    -1.00 20003.66 20003.66 20001.43 20001.43 20003.66 20003.66 14982.93    -1.00 20003.66 20000.24 20003.66 20003.66 20000.05  7767.11 20003.66    -1.00  7767.11 20003.66 20003.66 20000.24 20000.24 20003.66    -1.00 20000.24  4697.24 20003.66 20003.66 20001.43    -1.00 20003.66 20003.66 20003.66 20001.43    -1.00 20003.66 20000.05 20003.66    -1.00 20000.05 20003.66    -1.00  5617.36    -1.00 20003.66    -1.00
13638.34   163.93 13638.34    -1.00 20000.19 20004.92 20004.92 10060.21  6707.68  8973.68  8973.68 13638.34  1589.62    -1.00 20000.19 20004.92 20004.92 13638.34 13638.34 13638.34 13638.34 13638.34    -1.00 20000.19 20004.92 20004.92 10060.21  6707.68  8973.68  8973.68    -1.00 20000.19 20004.92 20004.92 13638.34 13638.34 13638.34 13638.34    -1.00    -1.00    -1.00    -1.00    -1.00    -1.00    -1.00 20004.92 20004.92 20000.19 20000.19 20000.19 20000.19  3534.06 20004.92 20004.92 20004.92 20004.92 20004.92 20004.92 20004.92 20004.92 10060.21 10060.21 10060.21  8973.68  8973.68  4058.29
 2635.83  2635.83 11329.80 20007.50 20007.50 20007.50 20007.50 11329.80 16735.19 16735.19 16735.19  1023.07 11329.80 20007.50 20007.50 20007.50 20007.50 11329.80 16735.19 16735.19 16735.19 11329.80 20007.50 20007.50 20007.50 20007.50 11329.80 16735.19 16735.19 16735.19 20007.50 20007.50 20007.50 20007.50  6433.55 16735.19 16735.19 16735.19 14775.09 14775.09 14775.09 20007.50 20007.50 20007.50 20007.50  3455.38  3455.38 20007.50 20007.50 20007.50 20007.50  1453.62 20007.50 20007.50 20007.50 20007.50 20007.50 20007.50 20007.50 20007.50 16735.19 16735.19 16735.19  9268.25  2560.24  9268.25
 9625.76 20004.83   295.48 20004.83 20004.83 20004.83 20004.83 15433.58 20004.83 15433.58 20004.83 20004.83  9625.76 20004.83 20004.83 20004.83 20004.83 15433.58 20004.83 15433.58 20004.83 20004.83 20000.88 20000.88 20000.88 20000.88 20004.83 11765.23 20004.83  9299.94 20004.83 20004.83 20004.83 20004.83 15433.58 20004.83 15433.58 20004.83 18793.62 18793.62 18793.62 20004.83 20000.88 20004.83 20000.88  1495.18   692.27 20004.83 20000.88 20004.83 20000.88  1495.18 20004.83 20000.88 20004.83 20000.88 20004.83 20000.88 20004.83 20000.88 20004.83 12847.75 20004.83 20004.83 11765.23 20004.83
   -1.00  7830.35 20000.40 20000.80 20000.40    -1.00 20000.40 20000.40  7062.70 11256.66  7062.70    -1.00    -1.00    -1.00    -1.00    -1.00    -1.00    -1.00    -1.00    -1.00    -1.00 20000.40 20000.80 20000.40    -1.00 20000.40 20000.40  7830.35 11256.66  7830.35 20000.80 20000.17    -1.00 20000.17  7340.24 20000.40 20000.40 20000.40 20000.80    -1.00 20000.80 20000.80 20000.80 20000.80 20000.80    -1.00  5511.59 20000.17 20000.40 20000.40 20000.40    -1.00    -1.00    -1.00    -1.00    -1.00 20000.17 20000.40 20000.40 20000.40 20000.40 20000.40 20000.40 11256.66  3519.50 11256.66
20000.12  1054.20 20000.12 20000.92 20000.92 20000.92 20000.92 20000.12  7729.78 20000.12    -1.00 20000.12 20000.01 20000.92 20000.92 20000.92 20000.92 20000.01 20000.12 20000.01    -1.00 20000.12 20000.92 20000.92 20000.92 20000.92 20000.12  7729.78 20000.12    -1.00 20000.92 20000.92 20000.92 20000.92 10772.63 20000.12  8378.37    -1.00  3075.16  2719.30  2719.30 20000.92 20000.92 20000.92    -1.00  3075.16  3075.16 20000.92 20000.92 20000.92    -1.00  2364.58 20000.92 20000.92 20000.92    -1.00 20000.92 20000.92 20000.92    -1.00 20000.12 10772.63    -1.00 20000.12    -1.00    -1.00
 8989.62  3122.21  8989.62 20005.07 20005.07 20001.23 20001.23 12987.83  8313.17  8282.40  8282.40  8989.62  1731.24 20005.07 20005.07 20001.23 20001.23 12987.83  8989.62  8989.62  8989.62  8989.62 20005.07 20005.07 20001.23 20001.23 12987.83  8313.17  8282.40  8282.40 20005.07 20005.07 20001.23 20001.23 12987.83  8989.62  8989.62  8989.62 11802.76 20005.07 20005.07 20005.07 20005.07 20005.07 20005.07 20005.07 20005.07 20005.07 20005.07 20005.07 20005.07  1440.46 20001.23 20001.23 20001.23 20001.23 20001.23 20001.23 20001.23 20001.23 12987.83 12987.83 12987.83  8313.17  8313.17   628.56
  413.55   413.55    -1.00 20006.24 20006.24 20006.24 20006.24 20006.24    -1.00 20006.24 20006.24   392.37    -1.00 20006.24 20006.24 20006.24 20006.24 20006.24    -1.00 20006.24 20006.24    -1.00 20006.24 20006.24 20006.24 20006.24 20006.24    -1.00 20006.24 20006.24    -1.00    -1.00    -1.00    -1.00    -1.00    -1.00    -1.00    -1.00  1620.31   887.70 18242.00 20002.93    -1.00 20002.93 20002.93  1620.31 18242.00 20002.93    -1.00 20002.93 20002.93 18242.00 20002.93    -1.00 20002.93 20002.93 20002.93    -1.00 20002.93 20002.93    -1.00  4559.03   248.47    -1.00    -1.00  4559.03
