 9720.36  6171.04  6171.04  9720.36 18001.13 18001.45 18001.45 18001.13 18001.45  9720.36  9720.36  2375.28 18001.13 18001.45 18001.45 18001.13 18001.45  3732.57  9720.36 18001.13 18001.45 18001.45 18001.13 18001.45  9720.36 18001.13 18001.45 18001.45 18001.13 18001.45 18001.13 18001.45 18001.45 18001.13 18001.45 18001.45 18001.45  5396.72 18001.45  6402.31 18001.45  5030.10 18001.45  6402.31 18001.45
18004.17  7579.23 18000.31 18000.42 18004.17 18004.17 18004.17 18000.03 18000.03 18004.17 18004.17 18004.17 18001.25 18001.25 18001.25 18004.17 18004.17 18000.31 18000.42 18004.17 18004.17 18004.17 18000.03 18000.03 18000.42 18004.17 18004.17 18004.17 18000.31 18000.31 18004.17 18004.17 18004.17 18000.42 18000.42  1500.81  8276.91 18004.17 18004.17  8276.91 18004.17 18004.17 18004.17 18004.17  2963.66
18001.55 18001.55     1.26 18001.55 18007.63 18001.55 18001.55 18001.55 18001.55  3875.89 18001.55  5678.67 18007.63 18000.87 18000.87 18000.87 18000.03 18001.55  5678.67 18007.63 18000.87 18000.87 18000.87 18000.03 18001.55 18007.63 18001.55 18001.55 18001.55 18001.55 18007.63 18000.87 18000.87 18000.87 18000.03 18007.63 18007.63 18007.63 18007.63 16481.43   361.16 18000.87 16481.43 18000.87 18000.87
 6346.75  6346.75   982.01  6346.75 18000.20 18001.69 18000.20 18000.20 18000.20    17.69  6346.75  4066.96 18000.20 18001.69 18000.20 18000.20 18000.20  6346.75  4066.96 18000.20 18001.69 18000.20 18000.20 18000.20  6346.75 18000.20 18001.69 18000.20 18000.20 18000.20 18000.20 18001.69 18000.20 18000.20 18000.20 18001.69 10826.94 10826.94  2500.26 18001.69 18001.69 18001.69  4539.39 10826.94 10826.94
18000.15 18000.15  1610.12 18000.15 18000.65 18000.15 18000.15 18000.65 18000.15  5870.06 18000.15  5870.06 18000.65 18000.07 18000.07 18000.65 18000.07 18000.15  4331.81 18000.65 18000.07 18000.07 18000.65 18000.07 18000.15 18000.65 18000.15 18000.15 18000.65 18000.15 18000.65 18000.07 18000.07 18000.65 18000.07 18000.65 18000.65  6409.49 18000.65 11470.79 18000.65 11470.79 18000.65 10221.11 18000.65
10369.18   222.81 10369.18   472.07 18005.44 18000.06 18000.06 18000.06 18000.06 10369.18  5039.26 10369.18 18005.44 18000.06 18000.06 18000.06 18000.06 10369.18   472.07 18005.44 18000.06 18000.06 18000.06 18000.06 10369.18 18005.44 18000.06 18000.06 18000.06 18000.06 18005.44 18000.06 18000.06 18000.06 18000.06 18005.44 18005.44 18005.44 18005.44  6105.83  6105.83  6105.83  4214.23  4214.23  2329.76
  402.50 16681.11 16681.11 16681.11 18000.61 18000.61 18000.61 18003.94 18003.94 16681.11 16681.11 16681.11 18000.61 18000.61 18000.61 18003.94 18003.94  2865.98  2222.35 18000.61 18000.61 18000.61 18003.94 18003.94  2865.98 18000.61 18000.61 18000.61 18003.94 18003.94 18000.61 18000.61 18000.61 18003.94 18003.94  2294.47  1048.10 18003.94 18003.94  2294.47 18003.94 18003.94 18003.94 18003.94  6762.21
 9228.63  9228.63  9228.63 18002.24 18003.07 18003.07 18003.07 18003.07 18003.07   667.89   667.89 18002.24 18003.07 18003.07 18003.07 18003.07 18003.07   606.25 18002.24 18003.07 18003.07 18003.07 18003.07 18003.07 18002.24 18003.07 18003.07 18003.07 18003.07 18003.07 18003.07 18003.07 18003.07 18003.07 18003.07  3754.29  3754.29  7419.06 18003.06   174.50  7419.06 18003.06  7419.06 18003.06 18003.06
18001.00 18001.00 18001.00   502.88 18001.00 18001.00 18001.00 18001.00 18001.00  2626.90  9446.43 18001.00 18000.83 18000.83 18000.83 18000.83 18000.83  9446.43 18001.00 18000.83 18000.83 18000.83 18000.83 18000.83 18001.00 18000.83 18000.83 18000.83 18000.83 18000.83 18001.00 18001.00 18001.00 18001.00 18001.00  9639.23  9639.23  1860.98  9233.28  4303.56  9639.23  9639.23  9639.23  9639.23  9233.28
  895.66 18004.14 18001.71 18001.71 18004.14 18004.14 18004.14 18004.14 18004.14 18004.14 18001.71 18001.71 18004.14 18004.14 18004.14 18004.14 18004.14 18004.14 18004.14 18000.16 18001.28 18001.28 18000.16 18001.28  1440.29 18004.14 18004.14 18004.14 18004.14 18004.14 18004.14 18004.14 18004.14 18004.14 18004.14 18001.28 18001.28   954.57 18001.28 15950.35 18001.28   681.90 18001.28 15950.35 18001.28
18002.21 18002.21 18002.21 18002.21 18000.18 18000.18 18000.18 18000.18 18000.18  1767.34  7811.35  3191.48 18002.21 18002.21 18002.21 18002.21 18002.21  7811.35  3191.48 18002.21 18002.21 18002.21 18002.21 18002.21  7811.35 18002.21 18002.21 18002.21 18002.21 18002.21 18002.21 18002.21 18002.21 18002.21 18002.21 13311.06  9348.59 13311.06  9348.59 13311.06  6582.97 13311.06 13311.06   352.03 13311.06
18001.20  1048.26  3712.26  1451.33 18001.20 18001.20 18001.20 18001.20 18001.20 18001.20 18001.20 18001.20 18000.86 18000.86 18000.86 18000.86 18000.86  3712.26  1451.33 18001.20 18001.20 18001.20 18001.20 18001.20  3712.26 18001.20 18001.20 18001.20 18001.20 18001.20 18001.20 18001.20 18001.20 18001.20 18001.20  1415.71  5001.25 10435.79 10435.79  5001.25 10435.79 10435.79 10435.79 10435.79  5180.47
12175.07  6045.54 12175.07  6045.54 18000.84 18000.84 18000.84 18000.84 18000.84 12175.07  6902.00 12175.07 18000.84 18000.84 18000.84 18000.84 18000.84 12175.07  2536.88 18000.84 18000.84 18000.84 18000.84 18000.84 12175.07 18000.84 18000.84 18000.84 18000.84 18000.84 18000.84 18000.84 18000.84 18000.84 18000.84  1052.66 15441.02  4319.58  2847.20 15441.02  4319.58  2847.20 15441.02 15441.02  4319.58
13989.41 13989.41  6960.02 13989.41 18002.27 18002.27 18002.27 18002.27 18002.27  8227.84 13989.41  8930.80 18002.27 18002.27 18002.27 18002.27 18002.27 13989.41  8930.80 18002.27 18002.27 18002.27 18002.27 18002.27 13989.41 18002.27 18002.27 18002.27 18002.27 18002.27 18002.27 18002.27 18002.27 18002.27 18002.27 18000.81 18000.81  2475.71 16028.48  3434.41 18000.81 18000.81 18000.81 18000.81 16028.48
 7746.95  7746.95 14946.00  7746.95 18000.75 18000.75 18000.75 18000.75 18000.75   879.31 14946.00  1866.42 18000.75 18000.75 18000.75 18000.75 18000.75 14946.00  1866.42 18000.75 18000.75 18000.75 18000.75 18000.75 14946.00 18000.75 18000.75 18000.75 18000.75 18000.75 18000.75 18000.75 18000.75 18000.75 18000.75 10907.18 10907.18  3151.22 10907.18  1756.32 10907.18  1888.61 10907.18  1888.61 10907.18
18000.11 18000.11  9669.50  9669.50 18000.56 18000.56 18000.56 18000.56 18000.56  2076.15 18000.11 18000.11 18000.56 18000.56 18000.56 18000.56 18000.56 18000.11 18000.11 18000.56 18000.56 18000.56 18000.56 18000.56  2433.71 18000.56 18000.56 18000.56 18000.56 18000.56 18000.56 18000.56 18000.56 18000.56 18000.56 10577.91  8418.93  8418.93 16703.79 10577.91 10577.91 16703.79  2444.59 16703.79 16703.79
 1360.29  1360.29 12835.22 18000.65 18005.95 18000.65 18000.65 18005.95 18000.65  1135.39 12835.22 18000.65 18005.95 18000.65 18000.65 18005.95 18000.65 12835.22 18000.65 18005.95 18000.65 18000.65 18005.95 18000.65 18000.65 18005.95 18000.65 18000.65 18005.95 18000.65 18005.95 18000.09 18000.09 18005.95 18000.09 18005.95 18005.95   644.21 18005.95  2101.22 18005.95  4889.32 18005.95  4889.32 18005.95
18002.47  6295.32 18002.47 12473.30 18002.47 18001.08 18001.08 18002.47 18001.08 18002.47 13379.89 18002.47 18000.34 18002.47 18002.47 18000.34 18002.47 18002.47 12473.30 18002.47 18001.08 18001.08 18002.47 18001.08 18002.47 18000.34 18002.47 18002.47 18000.34 18002.47 18002.47 18001.08 18001.08 18002.47 18001.08 18002.47 18002.47  1495.84 18002.47  7842.46 18002.47  6109.27 18002.47  7842.46 18002.47
 3650.86  3650.86  3650.86  3091.01 18000.33 18000.33 18000.33 18000.33 18000.33  1028.26  1261.51  3650.86 18000.33 18000.33 18000.33 18000.33 18000.33  1261.51  3650.86 18000.33 18000.33 18000.33 18000.33 18000.33  3650.86 18000.33 18000.33 18000.33 18000.33 18000.33 18000.33 18000.33 18000.33 18000.33 18000.33  1142.70  1142.70 18000.27   785.67   696.11 18000.27  1142.70 18000.27  1142.70 18000.27
11201.21 11201.21 11201.21 18001.05 18001.05 18001.05 18000.04 18001.05 18001.05  9193.63  4969.79 18001.05 18001.05 18001.05 18000.04 18001.05 18001.05  9193.63 18001.05 18001.05 18001.05 18000.04 18001.05 18001.05 18001.05 18001.05 18001.05 18000.04 18001.05 18001.05 18000.48 18000.48 18001.05 18000.48 18000.48   561.26 18001.05  1346.28  1935.32 18001.05  1346.28  1935.32 18001.05 18001.05  1935.32
