20002.56 20002.56  2004.56 20002.56 20000.09 20000.09 20002.56  4031.95 20002.56 20001.02 20002.56 20002.56 20001.02 20002.56 20001.02 20002.56 20002.56 20001.02 20002.56 20000.09 20000.09 20002.56 20002.56 20002.56   799.00 16275.96 20002.56 20002.56
 4536.96  4536.96 20002.20 20000.90 20000.90 20000.90 20000.90  4263.82 20002.20 20000.90 20000.90 20000.90 20000.90 20002.20 20000.90 20000.90 20000.90 20000.90 20002.20 20002.20 20002.20 20002.20 14822.75 14822.75 14822.75  6050.33  3415.89  6050.33
14952.39 20005.48 14952.39 20005.48 20000.28 20000.28 20005.48 20005.48  1745.89 20005.48 20000.28 20000.28 20005.48 20005.48 20001.82 20005.48 20005.48 20001.82 20005.48 20000.28 20000.28 20005.48 20005.48 20005.48 11152.88  7391.22 20005.48 20005.48
20000.34 20000.34 20000.34 20000.89 20000.89 20000.89 20000.89  3507.62   539.46 20000.89 20000.89 20000.89 20000.89  3507.62 20000.89 20000.89 20000.89 20000.89 20000.89 20000.89 20000.89 20000.89 16344.03 16344.03  3924.77  6743.64 16344.03 16344.03
 1731.57 18306.83 20001.49 20001.61 20001.49 20001.61 20001.49 18306.83 20001.49 20001.61 20001.49 20001.61 20001.49 20001.49 20001.61 20001.49 20001.61 20001.49 20001.61 20000.31 20001.61 20000.31 20001.61 11046.66 20001.61 20001.61  3164.36 20001.61
16563.02  2159.95 16563.02 20005.90 20005.90 20005.90 20000.90 16563.02   725.01 20005.90 20005.90 20005.90 20000.90 16563.02 20005.90 20005.90 20005.90 20000.90 20005.90 20005.90 20005.90 20000.90 11042.36 17095.42 20005.90 17095.42 20005.90 20005.90
17564.25  4658.86 10106.78 20000.86 20000.86 20000.86 20000.86 17564.25 17564.25 20000.86 20000.86 20000.86 20000.86 10106.78 20000.86 20000.86 20000.86 20000.86 20000.86 20000.86 20000.86 20000.86  7988.20 12891.03    59.01 12891.03  7988.20 12891.03
 5352.44 20000.60 13445.89 20001.25 20001.25 20001.25 20001.25 20000.60 13445.89 20001.25 20001.25 20001.25 20001.25 20000.60 20001.25 20001.25 20001.25 20001.25 20001.25 20001.25 20001.25 20001.25  5790.67  9346.42  5790.67  9346.42  1131.83  9346.42
20002.72 20002.72  8550.67 20000.35 20000.67 20000.35 20000.35  4020.54 20002.72 20002.72 20002.72 20002.72 20002.72 20002.72 20002.72 20002.72 20002.72 20002.72 20000.35 20000.67 20000.35 20000.35 20000.67 16372.62 11457.62 20000.67 20000.67 16372.62
20002.00  6855.10  6855.10 20000.19 20000.19 20000.19 20000.19 20002.00 20002.00 20002.00 20002.00 20002.00 20002.00  2231.19 20000.19 20000.19 20000.19 20000.19 20000.19 20000.19 20000.19 20000.19  7694.78 16757.84  7694.78 16757.84    54.11 16757.84
