3 15
5
5
5


14000.68 14000.68 14000.68 14000.68    -1.00 14004.42 14004.42    -1.00 14004.42 14000.68 14000.68 14004.42 14000.68 14004.42  4574.15   298.13  4574.15    -1.00 14004.42 14004.42    -1.00 14004.42 12819.50 12819.50 14004.42 12819.50 14004.42  4574.15   143.73    -1.00 14004.42 14004.42    -1.00 14004.42 12819.50 12819.50 14004.42 12819.50 14004.42  4574.15    -1.00 14004.42 14004.42    -1.00 14004.42 12819.50 12819.50 14004.42 12819.50 14004.42    -1.00 14004.42 14004.42    -1.00 14004.42 12819.50 12819.50 14004.42 12819.50 14004.42    -1.00    -1.00    -1.00    -1.00    -1.00    -1.00    -1.00    -1.00    -1.00  5924.43    -1.00 13648.30 14004.42 14004.42 14002.41 14004.42 14002.41    -1.00 13648.30 14004.42 14004.42 14002.41 14004.42 14002.41    -1.00    -1.00    -1.00    -1.00    -1.00    -1.00 14004.42 14004.42 14002.41 14004.42 14002.41  4733.89 14004.42  8294.09 14004.42 14004.42  8294.09 14004.42 14004.42  5879.48 14004.42
14003.05 14003.05   902.03  5993.31 14006.03 14006.03 14006.03 14006.03 14006.03 14006.03 14006.03 14006.03 14006.03 14000.45  6118.07 14003.05 14003.05 14006.03 14006.03 14006.03 14006.03 14006.03 14006.03 14006.03 14006.03 14006.03 14003.05 14003.05 14003.05 14006.03 14006.03 14006.03 14006.03 14006.03 14006.03 14006.03 14006.03 14006.03 14003.05  5993.31 14006.03 14006.03 14006.03 14006.03 14006.03 14006.03 14006.03 14006.03 14006.03 14000.45 14006.03 14006.03 14006.03 14006.03 14006.03 14006.03 14006.03 14006.03 14006.03 14000.45  5804.09  6527.82  5804.09  5804.09 14001.24 14001.24 14001.24 14001.24 14006.03  6527.82  2600.56  2600.56 14001.24 14001.24 14001.24 14001.24 14006.03  6527.82  6527.82 14001.24 14001.24 14001.24 14001.24 14006.03  2258.48 14001.24 14001.24 14001.24 14001.24 14006.03 14001.24 14001.24 14001.24 14001.24 14006.03  7712.75 13874.68 13874.68 14006.03 13874.68 13874.68 14006.03  7366.32 14006.03 14006.03
   -1.00 14000.82 14000.82 10543.97 14000.82 14000.82 14003.73 14000.82 14003.73 14003.73 14003.73 14003.73 14003.73 14003.73    -1.00    -1.00    -1.00    -1.00    -1.00    -1.00    -1.00    -1.00    -1.00    -1.00    -1.00    -1.00    -1.00  1589.69 14000.82 14000.23 14000.23 14003.73 14000.23 14003.73 14003.73 14003.73 14003.73 14003.73 14003.73 14000.82 14000.23 14000.23 14003.73 14000.23 14003.73 14003.73 14003.73 14003.73 14003.73 14003.73 14000.82 14000.82 14003.73 14000.82 14003.73 14003.73 14003.73 14003.73 14003.73 14003.73  1861.49 14003.73  1410.32 14003.73 14003.73 14003.73 14003.73 14003.73 14003.73 14003.73  1861.49 14003.73 14003.73 14003.73 14003.73 14003.73 14003.73 14003.73  4491.49 14000.72 14000.00 14000.00 14000.72 14000.72 14003.73 14003.73 14003.73 14003.73 14003.73 14003.73 14000.72 14000.00 14000.00 14000.72 14000.72 14000.72 14000.72  9456.95  9456.95  1666.78 14000.72 14000.72 14000.72 14000.72   256.29
  576.62  1785.26 14004.84 14004.84 14004.84 14004.84 14000.04 14000.04 14000.04 14004.84 14004.84 14004.84 14004.84 14004.84  1785.26 14004.84 14004.84 14004.84 14004.84 14000.04 14000.04 14000.04 14004.84 14004.84 14004.84 14004.84 14004.84 14004.84 14004.84 14004.84 14004.84 14000.04 14000.04 14000.04 14004.84 14004.84 14004.84 14004.84 14004.84  1299.21 14002.03 14002.03 14004.84 14004.84 14004.84 14002.03 14002.03 14002.03 14002.03 14002.03 14002.03 14002.03 14004.84 14004.84 14004.84 14002.03 14002.03 14002.03 14002.03 14002.03 14000.35 14004.84 14004.84 14004.84 14001.47 14000.16 14001.47 14001.47 14000.16 14004.84 14004.84 14004.84 14001.47 14000.35 14001.47 14001.47 14000.35  2589.23   418.71 14004.84 14004.84 14004.84 14004.84 14004.84  2589.23 14004.84 14004.84 14004.84 14004.84 14004.84 14004.84 14004.84 14004.84 14004.84 14004.84 14001.47 14000.15 14000.15 14001.47 14001.47 14001.47  6216.07    65.29 14001.47 14001.47
14001.66  4456.22 14001.66    -1.00 14001.66 14001.66 14001.66 14001.66 14001.66 14001.66 14001.66 14001.66 14001.66 14001.66 14001.66 14000.33    -1.00 14000.33 14001.27 14001.27 14000.33 14000.33 14000.16 14000.16 14000.16 14000.16 14000.16 14001.66    -1.00 14001.66 14001.66 14001.66 14001.66 14001.66 14001.66 14001.66 14001.66 14001.66 14001.66    -1.00 14000.00 14001.27 14001.27 14000.00 14000.00 14000.33 14000.33 14000.33 14000.33 14000.33    -1.00    -1.00    -1.00    -1.00    -1.00    -1.00    -1.00    -1.00    -1.00    -1.00 14001.27 14001.27  1024.79 13554.89 14000.33 14000.33 14000.33 14000.33 14000.33  5656.17 14001.27 14001.27 14001.27 14001.27 14001.27 14001.27 14001.27 14001.27 14001.27 14001.27 14001.27 14001.27 14001.27 14001.27 13554.89 14000.33 14000.33 14000.33 14000.33 14000.33 14000.33 14000.33 14000.33 14000.33 14000.33  5567.63  4243.97  4243.97  5567.63  5567.63  5567.63  1687.59  1706.40  5567.63  5567.63
11540.74  1013.47    -1.00  8411.15 14002.46 14002.46 14002.46 14001.84 14002.46 14001.84    -1.00 14001.84 11913.06 14000.26 11540.74    -1.00 11540.74 14002.46 14002.46 14002.46 14001.84 14002.46 14001.84    -1.00 14001.84 11913.06 14000.26    -1.00  8411.15 14002.46 14002.46 14002.46 14001.84 14002.46 14001.84    -1.00 14001.84 11913.06 14000.26    -1.00    -1.00    -1.00    -1.00    -1.00    -1.00    -1.00    -1.00    -1.00    -1.00    -1.00 14002.46 14002.46 14002.46 14001.84 14002.46 14001.84    -1.00 14001.84 11913.06 14000.26  9392.66 11238.36 14002.46 11238.36 14002.46    -1.00 14002.46 14002.46 14002.46 11238.36 14002.46 11238.36 14002.46    -1.00 14002.46 14002.46 14002.46 14002.46  1095.92 14002.46    -1.00 14002.46 14002.46 14002.46 14002.46 14000.35    -1.00 14001.75 14001.84 14001.84 14002.46    -1.00 14002.46 14002.46 14002.46    -1.00 14001.75 14001.84 14001.84    -1.00    -1.00    -1.00 14001.84 14001.84 14000.26
 4194.84  4029.20 14000.15  2627.54 14009.27 14000.04 14000.04 14000.04 14009.27 14000.99 14000.99    -1.00 11970.90 11970.90  4194.84 14000.15  4194.84 14009.27 14000.04 14000.04 14000.04 14009.27 14000.99 14000.99    -1.00 11970.90 11970.90 14000.15  4029.20 14009.27 14000.04 14000.04 14000.04 14009.27 14000.99 14000.99    -1.00 11970.90 11970.90 14000.15 14009.27 14000.15 14000.15 14000.15 14009.27 14000.99 14000.99    -1.00 14000.15 14000.15 14009.27 14000.04 14000.04 14000.04 14009.27 14000.99 14000.99    -1.00 11970.90 11970.90 14009.27 14009.27 14009.27   766.04 14009.27 14009.27    -1.00 14009.27 14009.27  5802.36  5802.36 14009.27 14000.99 14000.99    -1.00 14000.04 14000.04  1123.24 14009.27 14000.99 14000.99    -1.00 14000.04 14000.04 14009.27 14000.99 14000.99    -1.00 14000.04 14000.04 14009.27 14009.27    -1.00 14009.27 14009.27   418.07    -1.00 14000.99 14000.99    -1.00 14000.99 14000.99    -1.00    -1.00 10073.38
10308.69 10308.69 10308.69 10308.69 14002.94 14000.45 14000.45 14000.45 14002.94 14002.94 14002.94    -1.00 14002.94 14002.94  9712.40  3587.70   311.86 14002.94 14000.45 14000.45 14000.45 14002.94 14002.94 14002.94    -1.00 14002.94 14002.94  9712.40  9712.40 14002.94 14000.45 14000.45 14000.45 14002.94 14002.94 14002.94    -1.00 14002.94 14002.94  3587.70 14002.94 14000.45 14000.45 14000.45 14002.94 14002.94 14002.94    -1.00 14002.94 14002.94 14002.94 14000.45 14000.45 14000.45 14002.94 14002.94 14002.94    -1.00 14002.94 14002.94 14002.94 14002.94 14002.94  4701.97 14000.15 14000.15    -1.00 14000.15 14000.15  1807.34  1157.01 14002.94 14002.94 14002.94    -1.00 14002.94 14002.94  1807.34 14002.94 14002.94 14002.94    -1.00 14002.94 14002.94 14002.94 14002.94 14002.94    -1.00 14002.94 14002.94 14000.15 14000.15    -1.00 14000.15 14000.15  1076.98    -1.00 10575.61 10575.61    -1.00 10575.61 10575.61    -1.00    -1.00  6072.63
 2818.18 14001.60 14000.29    -1.00 14001.60 14001.60 14000.16 14001.60 14001.60 14001.60 14000.16    -1.00    -1.00 14000.52 14001.60 14000.29    -1.00 14001.60 14001.60 14000.16 14001.60 14001.60 14001.60 14000.16    -1.00    -1.00 14000.52 14001.60    -1.00 14001.10 14001.10 14001.60 14001.10 14001.10 12418.05 14001.60    -1.00    -1.00 14001.60    -1.00 14001.60 14001.60 14000.29 14001.60 14001.60 14001.60 14000.29    -1.00    -1.00 14000.52    -1.00    -1.00    -1.00    -1.00    -1.00    -1.00    -1.00    -1.00    -1.00    -1.00  7717.41 14001.60   554.07  6786.47 14001.10 14001.60    -1.00    -1.00 14001.60 14001.60  7717.41  7717.41 14001.10 14001.60    -1.00    -1.00 14001.60 14001.60 14001.60 14001.60 14000.01    -1.00    -1.00 14000.52  6786.47 14001.10 14001.60    -1.00    -1.00 14001.60 14001.10 14001.60    -1.00    -1.00 14001.60 14001.60    -1.00    -1.00 14001.60    -1.00    -1.00 14000.52    -1.00    -1.00    -1.00
 2613.53  7258.63  7258.63  7258.63 14000.43 14003.13    -1.00 14003.13    -1.00 14000.43 14000.43 14000.43 14000.43 14000.43  7258.63  7258.63  7258.63 14000.43 14003.13    -1.00 14003.13    -1.00 14000.43 14000.43 14000.43 14000.43 14000.43  2704.55   370.51 14000.43 14003.13    -1.00 14003.13    -1.00 14000.43 14000.43 14000.43 14000.43 14000.43  2704.55 14000.43 14003.13    -1.00 14003.13    -1.00 14000.43 14000.43 14000.43 14000.43 14000.43 14000.43 14003.13    -1.00 14003.13    -1.00 14000.43 14000.43 14000.43 14000.43 14000.43 14003.13    -1.00 14003.13    -1.00 14000.04 14000.33 14000.33 14000.33 14000.33    -1.00 14000.24    -1.00 14003.13 14003.13 14003.13 14003.13 14003.13    -1.00    -1.00    -1.00    -1.00    -1.00    -1.00    -1.00    -1.00 14003.13 14003.13 14003.13 14003.13 14003.13    -1.00    -1.00    -1.00    -1.00    -1.00 14000.33 14000.33 14000.33 14000.33 12398.03  3094.65 12398.03 12398.03  1693.74 12398.03
 9051.96  9051.96  5930.23  9051.96 14006.49 14006.49 14006.49    -1.00 14006.49 14000.14 14000.14 14000.14 14000.14 14000.14  6292.91  9051.96  3982.16 14006.49 14006.49 14006.49    -1.00 14006.49 14000.14 14000.14 14000.14 14000.14 14000.14  9051.96  6292.91 14006.49 14006.49 14006.49    -1.00 14006.49 14000.14 14000.14 14000.14 14000.14 14000.14  9051.96 14006.49 14006.49 14006.49    -1.00 14006.49 14000.14 14000.14 14000.14 14000.14 14000.14 14006.49 14006.49 14006.49    -1.00 14006.49 14000.14 14000.14 14000.14 14000.14 14000.14  9005.67  9276.56    -1.00  1633.15 14006.49 14006.49 14006.49 14006.49 14006.49  9276.56    -1.00  9005.67 14006.49 14006.49 14006.49 14006.49 14006.49    -1.00  9276.56 14006.49 14006.49 14006.49 14006.49 14006.49    -1.00    -1.00    -1.00    -1.00    -1.00    -1.00 14006.49 14006.49 14006.49 14006.49 14006.49   982.29 14000.05 14000.05  3512.93 14000.05 14000.05  3512.93  1753.52 14000.05 14000.05
14000.09 14000.09 14001.11 14000.09 14001.11    -1.00 14002.82 14002.82 14002.82 14000.47 14000.01 14000.01 14000.01 14000.02  5050.78 14001.11  5050.78 14001.11    -1.00 14002.82 14002.82 14002.82 14000.47 14000.09 14000.09 14000.09 14000.09 14001.11  3813.05 14001.11    -1.00 14002.82 14002.82 14002.82 14000.47 14000.09 14000.09 14000.09 14000.09 14001.11 14000.01    -1.00 14002.82 14002.82 14002.82 14001.11 14001.11 14001.11 14001.11 14001.11 14001.11    -1.00 14002.82 14002.82 14002.82 14000.47 14000.09 14000.09 14000.09 14000.09    -1.00 14002.82 14002.82 14002.82 14001.11 14001.11 14001.11 14001.11 14001.11    -1.00    -1.00    -1.00    -1.00    -1.00    -1.00    -1.00    -1.00  9519.08  9519.08 14002.82 14002.82 14002.82 14002.82 14002.82  1309.43 14002.82 14002.82 14002.82 14002.82 14002.82 14002.82 14002.82 14002.82 14002.82 14002.82 14000.47 14000.47 14000.47 14000.47  4908.25  4908.25 14000.02  2852.19 14000.02 14000.02
   -1.00    -1.00    -1.00    -1.00    -1.00    -1.00    -1.00    -1.00    -1.00    -1.00    -1.00    -1.00    -1.00    -1.00  5107.33 14000.70 14000.04 14000.49 14000.49    -1.00 14000.49 14000.49 14000.04 14000.04 14000.04 14000.04    -1.00 14000.70 14000.04 14000.49 14000.49    -1.00 14000.49 14000.49 14000.04 14000.04 14000.04 14000.04    -1.00 14000.70 14000.70 14000.70    -1.00 14000.70 14000.70 14000.70 14000.70 14000.70 14000.70    -1.00 14000.49 14000.49    -1.00 14000.49 14000.49 13661.78 13661.78 13661.78 13661.78    -1.00  5336.22    -1.00  2462.62 11720.14 14000.49 14000.49 14000.49 14000.49    -1.00    -1.00  5336.22 11720.14 14000.49 14000.49 14000.49 14000.49    -1.00    -1.00    -1.00    -1.00    -1.00    -1.00    -1.00    -1.00 11720.14 14000.49 14000.49 14000.49 14000.49    -1.00 14000.49 14000.49 14000.49 14000.49    -1.00  8162.80  8634.27  8634.27    -1.00  8634.27  8634.27    -1.00   745.18    -1.00    -1.00
 2454.36 14000.54 14000.54 14002.77 14000.52 14000.52 14000.52 14000.52    -1.00 14000.54 12807.75 12807.75 12807.75 14000.08 14000.54 14000.54 14002.77 14000.52 14000.52 14000.52 14000.52    -1.00 14000.54 12807.75 12807.75 12807.75 14000.08  4361.91 14002.77 14000.54 14000.54 14000.54 14000.54    -1.00 14000.08 14000.54 14000.54 14000.54 14000.54 14002.77 14000.54 14000.54 14000.54 14000.54    -1.00 14000.08 14000.54 14000.54 14000.54 14000.54 14002.77 14002.77 14002.77 14002.77    -1.00 14002.77 14002.77 14002.77 14002.77 14002.77 14000.11 14000.11 14000.11    -1.00 14000.54 14000.52 14000.52 14000.52 14000.52  7168.95  7168.95    -1.00 14000.54 14000.52 14000.52 14000.52 14000.52  3013.07    -1.00 14000.54 14000.52 14000.52 14000.52 14000.52    -1.00 14000.54 14000.52 14000.52 14000.52 14000.52    -1.00    -1.00    -1.00    -1.00    -1.00 14000.54 14000.54 14000.54 14000.54  1165.45  9979.00 14000.08  9979.00 14000.08 14000.08
 6706.37  6706.37  2651.40  4818.06 14002.72 14002.72 14002.72 14002.72 14002.72 14000.78 14002.72 14002.72 14002.72 14002.72  4038.54  6706.37  6706.37 14002.72 14002.72 14002.72 14002.72 14002.72 14000.78 14002.72 14002.72 14002.72 14002.72  6706.37  6706.37 14002.72 14002.72 14002.72 14002.72 14002.72 14000.78 14002.72 14002.72 14002.72 14002.72  4818.06 14002.72 14002.72 14002.72 14002.72 14002.72 14000.78 14002.72 14002.72 14002.72 14002.72 14002.72 14002.72 14002.72 14002.72 14002.72 14000.78 14002.72 14002.72 14002.72 14002.72 13389.03 13389.03  3389.31 14000.04 14002.72 14002.58 14002.58 14002.58 14002.58  3539.13 13389.03 14000.04 14002.72 14002.58 14002.58 14002.58 14002.58 13389.03 14000.04 14002.72 14002.58 14002.58 14002.58 14002.58 14000.04 14002.72 14002.58 14002.58 14002.58 14002.58 14002.72 14002.58 14002.58 14002.58 14002.58 14002.72 14002.72 14002.72 14002.72 11555.76 11555.76 11555.76  3682.32  3682.32  1815.09
14000.65 14000.65  2744.73 14000.65 14004.15 14000.16 14000.16 14004.15    -1.00 14000.65 14000.65 14000.65 14000.65 14000.65  4107.81 14000.65 13665.10 14004.15 14000.65 14000.65 14004.15    -1.00 13379.83 13379.83 13379.83 13665.10 13379.83 14000.65 13665.10 14004.15 14000.65 14000.65 14004.15    -1.00 13379.83 13379.83 13379.83 13665.10 13379.83 14000.65 14004.15 14000.16 14000.16 14004.15    -1.00 14000.65 14000.65 14000.65 14000.65 14000.65 14004.15 14000.65 14000.65 14004.15    -1.00 13665.10 13665.10 13665.10 11712.76 13665.10 14004.15 14004.15  4859.67    -1.00 14004.15 14004.15 14004.15 14004.15 14004.15  7236.36 14004.15    -1.00 14000.65 14000.65 14000.65 14000.65 14000.65 14004.15    -1.00 14000.65 14000.65 14000.65 14000.65 14000.65    -1.00 14004.15 14004.15 14004.15 14004.15 14004.15    -1.00    -1.00    -1.00    -1.00    -1.00  6506.02  6506.02 13665.10 12297.69   453.09 13665.10 12297.69 13665.10 12297.69 13665.10
 2697.25  2793.99  8638.12 10880.08 14000.24    -1.00 14000.50 14000.27 14000.24    -1.00    -1.00 14001.03 14001.03 14001.03  2793.99  8638.12 10880.08 14000.24    -1.00 14000.50 14000.27 14000.24    -1.00    -1.00 14001.03 14001.03 14001.03  8638.12 10880.08 14000.24    -1.00 14000.50 14000.27 14000.24    -1.00    -1.00 14001.03 14001.03 14001.03 10880.08 14000.24    -1.00 14000.50 14000.27 14000.24    -1.00    -1.00 14001.03 14001.03 14001.03 14000.24    -1.00 14000.50 14000.27 14000.24    -1.00    -1.00 14001.03 14001.03 14001.03    -1.00 14000.50 14000.27  4261.50    -1.00    -1.00 14001.03 14001.03 14001.03    -1.00    -1.00    -1.00    -1.00    -1.00    -1.00    -1.00    -1.00 14000.50 14000.50    -1.00    -1.00 14001.03 14001.03 14001.03 14000.27    -1.00    -1.00 14001.03 14001.03 14001.03    -1.00    -1.00 14001.03 14001.03 14001.03    -1.00    -1.00    -1.00    -1.00    -1.00    -1.00    -1.00   633.85   745.71   745.71
14001.39 14001.39  1679.64 14001.39 14002.78 14002.78    -1.00 14002.78 14002.78 14002.78 14001.39 14002.78 14001.39 14002.78  8728.67 14001.39  6227.84 14002.78 14002.78    -1.00 14002.78 14002.78 14002.78 13301.22 14002.78 13301.22 14002.78 14001.39  8728.67 14002.78 14002.78    -1.00 14002.78 14002.78 14002.78 13301.22 14002.78 13301.22 14002.78 14001.39 14002.78 14002.78    -1.00 14002.78 14002.78 14002.78 14001.39 14002.78 14001.39 14002.78 14002.78 14002.78    -1.00 14002.78 14002.78 14002.78 13301.22 14002.78 13301.22 14002.78  1030.08    -1.00  3041.34  1338.30 14000.32 14002.78 14000.32 14002.78 14000.32    -1.00  3041.34  1338.30 14000.32 14002.78 14000.32 14002.78 14000.32    -1.00    -1.00    -1.00    -1.00    -1.00    -1.00    -1.00  3041.34 14000.32 14002.78 14000.32 14002.78 14000.32 14000.32 14002.78 14000.32 14002.78 14000.32 14002.78 12258.31 14002.78 12258.31 14002.78  3242.97 14002.78 14002.78  3143.90 14002.78
 1726.28  6411.62    -1.00 14000.25 14001.17 14001.17 14001.17 14001.17 14001.17 14001.17 14001.17 14000.06 14001.17 14001.17  6411.62    -1.00 14000.25 14001.17 14001.17 14001.17 14001.17 14001.17 14001.17 14001.17 14000.06 14001.17 14001.17    -1.00 14000.25 14001.17 14001.17 14001.17 14001.17 14001.17 14001.17 14001.17 14000.06 14001.17 14001.17    -1.00    -1.00    -1.00    -1.00    -1.00    -1.00    -1.00    -1.00    -1.00    -1.00    -1.00 14001.17 14001.17 14001.17 14001.17 14001.17 14001.17 14001.17 14000.25 14001.17 14001.17 14000.95  9560.97  9560.97  9560.97 14000.53 14000.53 14001.17 14000.53 14000.53 14000.95 14000.95 14000.95 14000.95 14000.95 14001.17 14000.95 14000.95  2418.02  2424.11 14000.53 14000.53 14001.17 14000.53 14000.53  2424.11 14000.53 14000.53 14001.17 14000.53 14000.53 14000.53 14000.53 14001.17 14000.53 14000.53  2510.07 14001.17  7644.11  7644.11 14001.17  7644.11  7644.11 14001.17 14001.17  1436.88
 6709.60  6709.60   892.08  7302.51 14003.46 14003.46 14003.46 14003.46 14003.46 14000.27 14006.95 14000.27 14000.27 14000.27  3399.44  6709.60  7302.51 14003.46 14003.46 14003.46 14003.46 14003.46 14000.27 14006.95 14000.27 14000.27 14000.27  6709.60  7302.51 14003.46 14003.46 14003.46 14003.46 14003.46 14000.27 14006.95 14000.27 14000.27 14000.27  7302.51 14003.46 14003.46 14003.46 14003.46 14003.46 14000.27 14006.95 14000.27 14000.27 14000.27 14003.46 14003.46 14003.46 14003.46 14003.46 14000.27 14006.95 14000.27 14000.27 14000.27  9607.64  9607.64  9607.64 11336.88 14003.46 14006.95 14003.46 14003.46 14003.46  9008.64  9008.64 11336.88 14003.46 14006.95 14003.46 14003.46 14003.46  6467.18 11336.88 14003.46 14006.95 14003.46 14003.46 14003.46 11336.88 14003.46 14006.95 14003.46 14003.46 14003.46 14003.46 14006.95 14003.46 14003.46 14003.46 14006.95  7968.38  7968.38  6917.48 14006.95 14006.95 14006.95   790.26  7968.38  7968.38
