14000.82 14000.82 14000.82 14000.40 14000.16 14000.16 14002.25 14000.82 14000.82 14000.82 14000.82 10965.05 10965.05 14000.82 14000.82 14000.82 14002.25 10125.19  4569.95 10965.05 10965.05 10651.96 14000.82 14000.82 14000.82 14002.25 10965.05 10965.05  4244.83  2740.12 14000.82 14000.82 14000.82 14002.25 10965.05 10965.05 10651.96 10651.96 14000.40 14000.40 14002.25 14000.82 14000.82 14000.82 14000.82  6632.16 14002.25 14000.82 14000.82 14000.82 14000.82 14002.25 14000.82 14000.82 14000.82 14000.82 14002.25 14002.25 14002.25 14002.25 10125.19 10965.05 10965.05 10965.05 10965.05  4244.83
14001.90 14001.90 14001.90 14000.81 14000.41 14000.81 14000.81 14001.90 14001.90  1156.62 14001.90 14000.66 14000.66 14001.90 14001.90 14001.90 14001.90 14000.66  2042.40 14001.90 14000.66  4879.26 14001.90 14001.90 14001.90 14001.90  4879.26 14000.66 14001.90 11227.10 14001.90 14001.90 14001.90 14001.90  4644.74 14000.66 14001.90 11227.10 14000.81 14000.42 14000.42 14001.90 14001.90 14000.81 14001.90 14000.81 14000.81 14001.90 14001.90 14000.41 14001.90   882.24 14001.90 14001.90 14000.81 14001.90 14001.90 14001.90 14000.81 14001.90 14000.66 14001.90 11227.10 14001.90 14000.66 14001.90
 5145.73  5145.73 14000.00 14000.51 14001.01 14001.01 14001.01  1562.94 14000.51 11161.51   614.71     7.19 14000.00 14000.51 14001.01 14001.01 14001.01  5145.73 14000.51 11161.51  5145.73 14000.00 14000.51 14001.01 14001.01 14001.01  5145.73 14000.51 11161.51  5145.73 14000.51 14001.01 14001.01 14001.01 14000.00 14000.51 14000.00 14000.00 14001.01 14001.01 14001.01 14000.51 14000.51 14000.51 14000.51 14000.37 14000.37 14001.01 14001.01 14001.01 14001.01  5869.50 14001.01 14001.01 14001.01 14001.01 14001.01 14001.01 14001.01 14001.01 14000.51 11161.51  1562.94 14000.51 14000.51 11161.51
  506.42  8826.49 13601.55 14001.92 14001.92 14001.92 14001.92 13601.55 14000.12  8826.49  8826.49  8826.49 13601.55 14001.92 14001.92 14001.92 14001.92 13601.55 14000.12  8826.49  8826.49 13601.55 14001.92 14001.92 14001.92 14001.92 13601.55 14000.12  5730.94  5730.94 14001.92 14001.92 14001.92 14001.92  4542.54 14000.12 13601.55 13601.55 14000.98 14000.98  9752.41 14001.92 14001.92 14001.92 14001.92  7201.98 14000.98 14001.92 14001.92 14001.92 14001.92 14000.98 14001.92 14001.92 14001.92 14001.92 14001.92 14001.92 14001.92 14001.92 14000.12 13601.55 13601.55 14000.12 14000.12  1749.32
14002.22  5696.68  6578.80 14000.05 14000.05 14000.05 14000.05 14000.35  5696.68 14000.35  3690.70 14002.22 14002.22 14002.22 14002.22 14002.22 14002.22 14002.22 14002.22 14002.22 14002.22  6578.80 14000.05 14000.05 14000.05 14000.05 14000.35  1802.41 14000.35  5696.68 14000.05 14000.05 14000.05 14000.05 14000.35  6578.80 14000.35  6578.80  7848.63  7848.63  5901.69 14000.35 14000.05 14000.35 14000.05  4630.10  7848.63 14000.35 14000.05 14000.35 14000.05  7848.63 14000.35 14000.05 14000.35 14000.05 14000.35 14000.05 14000.35 14000.05 14000.35   688.32 14000.35 14000.35  5696.68 14000.35
 1620.47 14003.82  1620.47 14003.82 14003.82 14003.82 14003.82 14003.82 14003.82 14003.82 14003.82 14003.82   762.21 14003.82 14003.82 14003.82 14003.82 14003.82 14003.82 14003.82 14003.82 14003.82 14001.58 14000.06 14001.58 14001.58  2532.17  2532.17 11141.93  2532.17 14003.82 14003.82 14003.82 14003.82 14003.82 14003.82 14003.82 14003.82 14001.58  2872.89   249.82 14001.58 14001.58 14001.58 14001.58 14001.58 14001.58 14000.06 14000.06 14000.06 14000.06  2872.89 14001.58 14001.58 14001.58 14001.58 14001.58 14001.58 14001.58 14001.58  1811.43 11141.93   271.47 11141.93  1811.43 11141.93
14000.44 10309.41  7054.57 14000.30 14000.30 14006.23 14000.30  7054.57 14000.44 14000.44 14000.44 14000.44 14000.44 14000.44 14000.44 14006.23 14000.44 14000.44  4844.70  4764.06  3576.94 10309.41 14000.30 14000.30 14006.23 14000.30 10309.41 14000.44 14000.44 14000.44 14000.30 14000.30 14006.23 14000.30  4129.19 14000.44 14000.44 14000.44  7125.30 14006.23  7125.30 14000.30 14000.44 14000.44 14000.44 14006.23  6044.03 14000.30 14000.44 14000.44 14000.44 14006.23 14006.23 14006.23 14006.23 14006.23 14000.30 14000.44 14000.44 14000.44 14000.44 14000.44 14000.44  4844.70  4844.70  4764.06
 4460.26  4460.26 14000.74 14000.32 14000.43 14000.74 14000.74  4460.26 14000.74  4460.26  4460.26  2798.59 14000.74 14000.32 14000.43 14000.74 14000.74  3150.18 14000.74  3716.98  2798.59 14000.74 14000.32 14000.43 14000.74 14000.74  3150.18 14000.74  3716.98   951.08 14000.74 14000.74 14000.38 14000.38 14000.74   720.59 14000.74 14000.74 14000.43 14000.74 14000.74 14000.32 14000.74 14000.32 14000.32 14000.74 14000.74 14000.43 14000.74 14000.43 14000.43   718.89 14000.74 14000.38 14000.74 14000.74 14000.74 14000.38 14000.74 14000.74 14000.74  3716.98  3150.18 14000.74 14000.74  3716.98
14000.73  9956.71 14000.73 14000.30 14003.88 14003.88 14000.30 14000.30 14000.73 14000.30  9956.71 14000.73  2678.37 14000.73 14003.88 14003.88 14000.73 14000.73  2612.86 14000.73 14000.73 14000.73 14000.30 14003.88 14003.88 14000.30 14000.30 14000.73 14000.30  5664.96 14000.73 14003.88 14003.88 14000.73 14000.73  2678.37 14000.73 14000.73 14003.88 14003.88  9847.81 14000.13 14000.73 14000.13 14000.30  4047.12 14003.88 14003.88 14003.88 14003.88 14003.88 14003.88 14003.88 14003.88 14003.88 14003.88 14000.13 14000.73 14000.13 14000.30 14000.73   683.04 14000.30 14000.73 14000.73 14000.30
14003.08  6668.00  1279.29 14003.08 14000.13 14000.10 14000.10  3672.75 14000.97 14000.97 14000.97 14003.08 14003.08 14000.00 14003.08 14003.08 14003.08 14003.08 14003.08 14003.08 14003.08  6668.00 14003.08 14000.13 14000.10 14000.10  6668.00 14000.97 14000.97 14000.97 14003.08 14000.13 14000.10 14000.10  3672.75 14000.97 14000.97 14000.97 14003.08 14003.08 14003.08 14003.08 14003.08 14003.08 14003.08 14000.13 14000.13 14000.13 14000.97 14000.97 14000.97  4869.88 14000.10 14000.97 14000.97 14000.97 14000.10 14000.97 14000.97 14000.97 14000.97 14000.97 14000.97 14000.79 14000.79 10047.48
14001.60  2123.53 14001.60 14000.80 14000.80 14000.80 14001.40  7354.07 12519.16  1956.92  2123.53 14001.60  2733.78 14001.60 14001.60 14001.60 14001.60 14001.60 14001.60 14001.60 14001.60 14001.60 14000.80 14000.80 14000.80 14001.40  7354.07 12519.16  2123.53   900.56 14001.60 14001.60 14001.60 14001.60 14001.60 14001.60 14001.60 14001.60   849.02  2878.42 14001.40 14000.80 14000.80 14000.80 14000.80  2878.42 14001.40 14000.80 14000.80 14000.80 14000.80 14001.40 14000.80 14000.80 14000.80 14000.80 14001.40 14001.40 14001.40 14001.40 12519.16  7354.07  7354.07 12519.16 12519.16  2123.53
14000.07 14000.07 14000.07 14001.66 14001.66 14000.25 14000.36  2876.18 14000.07 14000.07  9191.45  3038.68  3038.68 14001.66 14001.66 14000.25 14000.36 14000.07  3038.68  2162.46 14000.07   431.31 14001.66 14001.66 14000.25 14000.36 14000.07  2322.54  3038.68 14000.07 14001.66 14001.66 14000.25 14000.36 14000.07  2322.54  3038.68 14000.07   819.04 14001.66 14001.66 14001.66 14001.66 14001.66 14001.66 14001.66 14001.66 14001.66 14001.66 14001.66 14001.66 14000.36 14000.25 14000.25 14000.25 14000.25 14000.36 14000.36 14000.36 14000.36 14000.07 14000.07  9191.45  3038.68 14000.07 14000.07
14000.32 14002.52 14002.52 14002.52 14002.52 14002.52 14002.52 14002.52 14002.52  1137.70  7787.14 14002.52 14002.52 14002.52 14002.52 14002.52 14002.52 14002.52 14002.52 14000.32 14000.32  1347.64 14001.07 14001.07 14001.07 14001.07  3149.66  3149.66 14002.52 14002.52 14001.07 14001.07 14001.07 14001.07  3149.66  3149.66 14002.52 14002.52 14000.40   243.66 14000.40 14001.07 14001.07 14002.52 14002.52 14000.40  6541.27 14001.07 14001.07 14002.52 14002.52 14000.40 14001.07 14001.07 14002.52 14002.52 14001.07 14001.07 14002.52 14002.52   919.59 14002.52 14002.52 14002.52 14002.52  7787.14
14003.13 14003.13 14003.13 14000.81 14000.11 14000.11 14000.81 14003.13  1903.14 14003.13  2170.61 13192.04  1099.25 14003.13 14003.13 14003.13 14003.13  2898.90 14003.13 12653.73 14003.13 13192.04 14003.13 14003.13 14003.13 14003.13 13192.04 14003.13 13192.04 14003.13 14003.13 14003.13 14003.13 14003.13  2898.90 14003.13 12653.73 14003.13 14000.81 14000.81 10149.71 14003.13 14000.81 14003.13 14000.81  2385.64 14000.81 14003.13 14000.11 14003.13 14000.11 14000.81 14003.13 14000.11 14003.13 14000.11 14003.13 14000.81 14003.13 14000.81 14003.13 12653.73 14003.13 14003.13  2170.61 14003.13
14000.58  1861.89 14000.58 14002.30 14002.30 14002.30 14002.30 14000.58 14000.58  2169.57 14000.58 14000.58  8201.62 14002.30 14002.30 14002.30 14002.30  8843.90  3952.30 14000.58  8201.62 14000.58 14002.30 14002.30 14002.30 14002.30 14000.58 14000.58  2169.57 14000.58 14002.30 14002.30 14002.30 14002.30  8843.90  8201.62 14000.58  5243.07 10181.13  3143.80  6712.01 14002.30 14002.30 14002.30 14002.30 10181.13 10181.13 14002.30 14002.30 14002.30 14002.30  6712.01 14002.30 14002.30 14002.30 14002.30 14002.30 14002.30 14002.30 14002.30  8843.90 14000.58  8843.90 14000.58  8201.62 14000.58
14000.52 14000.52  8066.05 14000.52 14003.21 14000.52 14003.21 14000.52  4366.85  8066.05 14000.52  1386.70 14000.52 14000.52 14003.21 14000.13 14003.21  1582.82 14000.52 14000.52  3161.80 14000.52 14000.52 14003.21 14000.13 14003.21  1582.82 14000.52 14000.52  3161.80 14000.52 14003.21 14000.52 14003.21 14000.52  8066.05  1819.32 14000.52 14003.21 14000.52 14003.21 14000.52 14000.52 14000.52 14000.52 14003.21   794.68 14003.21 14003.21 14003.21 14003.21 14003.21 14000.13 14000.52 14000.52 14000.13 14003.21 14003.21 14003.21 14003.21 14000.52 14000.52  3161.80  8066.05 14000.52 14000.52
14001.89 14000.27 14001.89 14001.89 14001.89 14001.89 14001.89 14000.27 14000.27 14000.27  6709.75 14001.89  5647.25 14000.17 14000.00 14000.17 14000.17 14001.89 14001.89 14001.89 14001.89 14001.89 14001.89 14001.89 14001.89 14001.89   660.62   562.57   660.62 14000.27 14000.17 14000.00 14000.17 14000.17 14001.89 14001.89 14001.89 14001.89 14000.17  3152.31 14000.14 14001.89 14001.89 14001.89 14001.89 14000.17 14000.17 14001.89 14001.89 14001.89 14001.89 14000.14 14001.89 14001.89 14001.89 14001.89 14001.89 14001.89 14001.89 14001.89   660.62   154.94 14000.27   660.62 14000.27 14000.27
 2433.56  4856.10  6314.04 14000.61 14000.42 14000.76 14000.76   908.70  6314.04  6314.04  6314.04  4856.10  6314.04 14000.61 14000.42 14000.76 14000.76  2433.56  6314.04  6314.04  6314.04  6314.04 14000.61 14000.42 14000.76 14000.76  4856.10  6314.04  6314.04  6314.04 14000.61 14000.42 14000.76 14000.76  6314.04  4831.88   593.48   593.48 14000.61 14000.76 14000.76 14000.61 14000.61 14000.61 14000.61 14000.76 14000.76 14000.42 14000.42 14000.42 14000.42  9934.14 14000.76 14000.76 14000.76 14000.76 14000.76 14000.76 14000.76 14000.76  6314.04  6314.04  6314.04  4831.88  4831.88   511.63
14001.01 11597.30 11597.30 14001.01 14001.01 14001.01 14001.01 14001.01 11597.30 14001.01 14001.01 14001.01 14001.01 14000.39 14000.39 14000.39 14000.39  9386.05 14001.01  9386.05  9386.05  4898.73 14001.01 14001.01 14001.01 14001.01 14001.01  2510.94 14001.01 14001.01 14001.01 14001.01 14001.01 14001.01 14001.01  4898.73 14001.01 14001.01 14000.01 14000.01 14000.01 14000.39 14001.01 14000.39 14000.39  8626.18  1154.13 14000.39 14001.01 14000.39 14000.39  8626.18 14000.39 14001.01 14000.39 14000.39 14000.39 14001.01 14000.39 14000.39 14001.01  1631.37  1139.65 14001.01 14001.01  1631.37
10124.04 14000.74 10124.04 14001.84 14001.84 14001.84 14000.74 14000.74 14000.74 14000.74 14000.74 14000.74  5147.56 14001.84 14001.84 14001.84 14000.74 14000.74 14000.74 14000.74 14000.74 14000.74 14001.84 14001.84 14001.84 14000.29  5334.47  5334.47  5334.47  2484.71 14001.84 14001.84 14001.84 14000.74 14000.74 14000.74 14000.74 14000.74   755.55   801.80 14001.84 14001.84 14001.84 14001.84 14001.84   801.80 14001.84 14001.84 14001.84 14001.84 14001.84 14001.84 14001.84 14001.84 14001.84 14001.84 14000.29 14000.29 14000.29 14000.29  1119.19  1714.19  5334.47  1714.19  5334.47  5334.47
