3 15
5
5
5


 3446.81 14000.16 14000.42  6033.17 14000.16 14000.28 14000.28 14000.42 14000.28 14000.28 14000.28 14004.01 14000.28 14000.28 14000.16 14000.42  6033.17 14000.16 14000.28 14000.28 14000.42 14000.28 14000.28 14000.28 14004.01 14000.28 14000.28 14000.42 14000.16 14000.10 14000.28 14000.28 14000.42 14000.28 14000.28 14000.28 14004.01 14000.28 14000.28 14000.42 14000.42 14000.42 14000.42 14000.34 14000.42 14000.42 14000.42 14004.01 14000.42 14000.42 14000.16 14000.28 14000.28 14000.42 14000.28 14000.28 14000.28 14004.01 14000.28 14000.28 14000.28 14000.28 14000.42 14000.28 14000.28 14000.28 14004.01 14000.28 14000.28  2338.08 14000.42  2738.13  5965.92  5965.92 14004.01  6623.52  6623.52 14000.42  2738.13  5965.92  5965.92 14004.01  6623.52  6623.52 14000.42 14000.42 14000.42 14004.01 14000.42 14000.42  5965.92  5965.92 14004.01  6623.52  6623.52  1797.38 14004.01  6623.52  6623.52 14004.01  6623.52  6623.52 14004.01 14004.01   146.34
14002.26 10945.16 14002.26  3791.42 14002.26    -1.00 14002.26 14002.26 14002.26 14002.26 14001.36 14002.26 14001.36 14001.36 14002.26  7451.30 14002.26 14001.95    -1.00 14001.95 14001.95 14001.95 14000.64 14002.26 14001.95 14002.26 14002.26 14002.26 10945.16 14002.26    -1.00 14002.26 14002.26 14002.26 14002.26 14001.36 14002.26 14001.36 14001.36 14002.26 14001.95    -1.00 14001.95 14001.95 14001.95 14000.64 14002.26 14001.95 14002.26 14002.26 14002.26    -1.00 14002.26 14002.26 14002.26 14002.26 14001.36 14002.26 14001.36 14001.36    -1.00  2698.63   347.45  4295.70 14001.95 14002.26  4295.70 14002.26 14002.26    -1.00    -1.00    -1.00    -1.00    -1.00    -1.00    -1.00    -1.00  2698.63  4295.70 14001.95 14002.26  4295.70 14002.26 14002.26  4295.70 14001.95 14002.26  4295.70 14002.26 14002.26 14001.95 14002.26  4158.34 14002.26 14002.26 14002.26 14001.95 14002.26 14002.26 14002.26  7122.75  7122.75 14002.26 14002.26  1704.86
 1014.68  4535.01   696.19   299.90 14000.63 14000.63 14000.63 14000.63 14000.63 14000.63 14000.63 14000.63 14000.63 14000.63  4535.01  1014.68  1014.68 14000.63 14000.63 14000.63 14000.63 14000.63 14000.63 14000.63 14000.63 14000.63 14000.63  4535.01  4535.01 14000.63 14000.63 14000.63 14000.63 14000.63 14000.63 14000.63 14000.63 14000.63 14000.63   696.19 14000.63 14000.63 14000.63 14000.63 14000.63 14000.63 14000.63 14000.63 14000.63 14000.63 14000.63 14000.63 14000.63 14000.63 14000.63 14000.63 14000.63 14000.63 14000.63 14000.63  4600.70   540.42  4600.70  4600.70  2024.98  4600.70  4600.70 10178.86 14000.60  4600.70  1741.58  1741.58  4600.70  1741.58  1741.58 10178.86 14000.60  4600.70  4600.70  2024.98  4600.70  4600.70 10178.86 14000.60   718.39  4600.70  1435.67  1435.67 10178.86 14000.60  4600.70  1435.67  1435.67 10178.86 14000.60  4600.70  4600.70 10178.86 14000.60    66.67 10178.86 14000.60 10178.86 14000.60 14000.60
14000.65 14000.65 14000.52 14000.52 14000.65 14001.82 14001.82 14000.65 14000.65 14000.65 14000.65 14000.65    -1.00    -1.00  4305.00 14000.65 14000.65 14000.07 14001.82 14001.82 14000.07 14000.07 14000.07 14000.07 14000.07    -1.00    -1.00 14000.65 14000.65 14000.07 14001.82 14001.82 14000.07 14000.07 14000.07 14000.07 14000.07    -1.00    -1.00  3690.59 14000.65 14001.82 14001.82 14000.65 14000.65 14000.65 14000.65 14000.65    -1.00    -1.00 14000.65 14001.82 14001.82 14000.65 14000.65 14000.65 14000.65 14000.65    -1.00    -1.00 14001.82 14001.82  4355.80   617.50 10078.18 10078.18  4355.80    -1.00    -1.00  1377.78 14001.82 14001.82 14001.82 14001.82 14001.82    -1.00    -1.00 14001.82 14001.82 14001.82 14001.82 14001.82    -1.00    -1.00  4355.80 10078.18 10078.18  4063.99    -1.00    -1.00 10078.18 10078.18  4355.80    -1.00    -1.00  4098.43 10078.18    -1.00    -1.00 10078.18    -1.00    -1.00    -1.00    -1.00    -1.00
 2897.30 13447.96  7496.61    -1.00 14000.87 14000.87 14003.77 14000.87 14003.77 14000.87 14003.77 14003.77 14000.87 14000.02 13447.96  7496.61    -1.00 14000.87 14000.87 14003.77 14000.87 14003.77 14000.87 14003.77 14003.77 14000.87 14000.02 13447.96    -1.00 14000.87 14000.87 14003.77 14000.87 14003.77 14000.87 14003.77 14003.77 14000.87 14000.02    -1.00 14000.87 14000.87 14003.77 14000.87 14003.77 14000.87 14003.77 14003.77 14000.87 14000.02    -1.00    -1.00    -1.00    -1.00    -1.00    -1.00    -1.00    -1.00    -1.00    -1.00  4800.71 14003.77  9856.72 14003.77  3641.17 14003.77 14003.77  7274.11 14000.87 14003.77  9856.72 14003.77  4800.71 14003.77 14003.77  7274.11 14000.87 14003.77  6299.65 14003.77  4524.14  1029.55 14003.77 14003.77 14003.77  9856.72 14003.77 14003.77  9856.72 14000.87 14003.77  6299.65  6299.65 14003.77 14003.77 14003.77 14003.77  7274.11 14000.87  4524.14 14003.77 14003.77 14003.77 14003.77 14000.87
14002.25 14002.25 14002.25 14002.25 14000.50 14000.50 14000.50 14002.25 14000.50 14000.50 14000.50 14002.25 14000.50    -1.00  5066.45  4584.76  4584.76 14002.25 14002.25 14002.25 14002.12 14002.25 14002.25 14002.25 14002.12 14002.25    -1.00  5066.45  5066.45 14002.25 14002.25 14002.25 14002.12 14002.25 14002.25 14002.25 14002.12 14002.25    -1.00  4058.72 14002.25 14002.25 14002.25 14002.12 14002.25 14002.25 14002.25 14002.12 14002.25    -1.00 14002.25 14002.25 14002.25 14002.12 14002.25 14002.25 14002.25 14002.12 14002.25    -1.00 13724.50  6706.01 14002.25 13724.50 13724.50  8944.30 14002.25  6706.01    -1.00 13724.50 14002.25  1459.41  5298.36 13724.50 14002.25 13724.50    -1.00 14002.25 13724.50 13724.50  8944.30 14002.25   810.97    -1.00 14002.25 14002.25 14002.25 13104.13 14002.25    -1.00  5298.36 13724.50 14002.25 13724.50    -1.00 13724.50 14002.25 13724.50    -1.00 14002.25  8944.30    -1.00 14002.25    -1.00    -1.00
14003.66 14003.66  6362.97    -1.00 14000.22 14000.22 14000.22 14000.22    -1.00 14000.22 14000.22 14000.22 14000.22 14000.22  3281.40 14003.66    -1.00 14003.66 14003.66 14003.66 14003.66    -1.00 14003.66 14003.66 14003.66 14003.66 14003.66 14003.66    -1.00 14003.66 14003.66 14003.66 14003.66    -1.00 14003.66 14003.66 14003.66 14003.66 14003.66    -1.00 14000.22 14000.22 14000.22 14000.22    -1.00 14000.22 14000.22 14000.22 14000.22 14000.22    -1.00    -1.00    -1.00    -1.00    -1.00    -1.00    -1.00    -1.00    -1.00    -1.00  4401.79  4401.79 14000.10    -1.00  4401.79  7906.49  1434.50  4401.79  7696.28  2464.69 14000.10    -1.00  2464.69  7906.49  4401.79  2464.69  7696.28 14000.10    -1.00   600.44  7906.49  4401.79   774.36  7696.28    -1.00 14000.10 14000.10 14000.10 14000.10 14000.10    -1.00    -1.00    -1.00    -1.00    -1.00  7906.49  4401.79   774.36  7696.28  7906.49  7906.49  7906.49  4401.79  7696.28  7696.28
 8495.21   623.62 14002.99   151.67 14002.99 14002.99 14001.18 14001.18    -1.00 14002.99 14002.99 14001.18    -1.00 14002.99  8495.21 14002.99  8495.21 14002.99 14002.99 14001.18 14001.18    -1.00 14002.99 14002.99 14001.18    -1.00 14002.99 14002.99   623.62 14002.99 14002.99 14001.18 14001.18    -1.00 14002.99 14002.99 14001.18    -1.00 14002.99 14002.99 14000.42 14000.42 14002.99 14002.99    -1.00 14000.42 14000.42 14002.99    -1.00 14000.42 14002.99 14002.99 14001.18 14001.18    -1.00 14002.99 14002.99 14001.18    -1.00 14002.99  5365.79 14002.99 14002.99    -1.00  3636.99  3636.99 14002.99    -1.00  5365.79 14002.99 14002.99    -1.00  5365.79  5365.79 14002.99    -1.00  3064.58  5953.55    -1.00 14002.99 14002.99  4927.27    -1.00 14002.99    -1.00 14002.99 14002.99  5953.55    -1.00 14002.99    -1.00    -1.00    -1.00    -1.00    -1.00   162.47 14002.99    -1.00  5365.79 14002.99    -1.00  5365.79    -1.00 14002.99    -1.00
   -1.00    -1.00    -1.00    -1.00    -1.00    -1.00    -1.00    -1.00    -1.00    -1.00    -1.00    -1.00    -1.00    -1.00 14001.55 14000.91 14001.55 14003.60 14001.10 14003.60 14001.10 14001.10    -1.00 14003.60 14001.10 14000.91 14001.10 14001.55  3226.63 14003.60 14001.55 14003.60 14001.55 14001.55    -1.00 14003.60 14001.55 14001.55 14001.55 14001.55 14003.60 14001.10 14003.60 14001.10 14001.10    -1.00 14003.60 14001.10 14000.33 14001.10 14003.60 14001.55 14003.60 14001.55 14001.55    -1.00 14003.60 14001.55 14001.55 14001.55 14003.60  1465.23 14003.60 14003.60    -1.00  1756.00 14003.60 14003.60 14003.60 14003.60 11160.61 11160.61    -1.00 14003.60  3414.26 14001.10 14000.46 14003.60 14003.60    -1.00  1756.00 14003.60 14003.60 14003.60  3543.55    -1.00 14003.60 11160.61 14001.10 14000.46    -1.00 14003.60 11160.61 14001.10 14000.46    -1.00    -1.00    -1.00    -1.00 14003.60 14003.60 14003.60 14001.10 14000.46 14001.10
14001.24  1251.36  1251.36 14001.24 14000.12 14001.24 14001.24 14001.24 14000.12 14000.12 14001.24 14000.12 14001.24 14000.12 14001.24 14001.24 10677.78 14001.24 14000.30 14000.30 14000.30 14001.24 14001.24 14000.30 14001.24 14000.30 14001.24   688.13 14001.24 14000.12 14001.24 14001.24 14001.24 14000.12 14000.12 14001.24 14000.12 14001.24 14000.12 14001.24 14000.12 14001.24 14001.24 14001.24 14000.12 14000.12 14001.24 14000.12 14001.24 14000.12 14001.24 14000.30 14000.30 14000.30 14001.24 14001.24 14000.30 14001.24 14000.30 14001.24 14001.24 14001.24 14001.24 11166.45 11166.45 14001.24  7657.54 14001.24  7657.54 14000.02 14000.02 14001.24 14001.24 14000.02 14001.24 14000.02 14001.24   545.45 14001.24 14001.24   730.67 14001.24   730.67 14001.24 14001.24 14001.24   730.67 14001.24   730.67 14001.24   697.43 14001.24 11166.45 14001.24 11166.45 14001.24 11166.45 14001.24 11166.45 14001.24   573.78 14001.24 14001.24  4772.96 14001.24
