2 8
4
4


18000.24 18000.71 18000.24 18000.58 18000.58 18000.58 18000.58 18000.71  9077.95 18000.58 18000.58 18000.58 18000.58 18000.71 18000.71 18000.71 18000.71 18000.71 18000.58 18000.58 18000.58 18000.58 14718.87  6016.12 14718.87 14718.87   477.75 14718.87
18001.58 18001.58  8669.36    -1.00 18001.58 18001.58    -1.00  1368.48 18001.58    -1.00 18000.56 18000.56    -1.00 18001.58    -1.00 18000.56 18000.56    -1.00    -1.00 18001.58 18001.58    -1.00    -1.00    -1.00    -1.00   637.10    -1.00    -1.00
18008.39 18008.39 18008.39    -1.00 18008.39 18000.73    -1.00  8183.38  2945.88    -1.00 18000.59 18008.39    -1.00  8183.38    -1.00 18000.59 18008.39    -1.00    -1.00 18000.59 18008.39    -1.00    -1.00    -1.00    -1.00 18008.39    -1.00    -1.00
 9280.00  9280.00    -1.00    -1.00 18000.56 18000.56 18000.56  5426.53    -1.00    -1.00 18000.56 18000.56 18000.56    -1.00    -1.00 18000.56 18000.56 18000.56    -1.00    -1.00    -1.00    -1.00    -1.00    -1.00    -1.00 15630.39  7448.45 15630.39
10376.01    -1.00  4799.02 18004.96 18004.96 18000.06 18004.96    -1.00 10376.01 18004.96 18004.96 18000.06 18004.96    -1.00    -1.00    -1.00    -1.00    -1.00 18004.96 18004.96 18000.06 18004.96  4885.00 18004.96  5704.98 18004.96  5704.98 18004.96
14109.49 11441.19   729.50 18003.61    -1.00 18003.61 18003.61 14109.49 14109.49 18003.61    -1.00 18003.61 18003.61 11441.19 18003.61    -1.00 18003.61 18003.61 18003.61    -1.00 18003.61 18003.61    -1.00 12037.68   500.99    -1.00    -1.00 12037.68
10123.93 10123.93 10123.93 18004.82 18004.82 18004.82 18004.82  7212.07  7212.07 18004.82 18004.82 18004.82 18004.82  3259.96 18004.82 18004.82 18004.82 18004.82 18004.82 18004.82 18004.82 18004.82 18002.81  8544.56  9913.62 18002.81 18002.81  9913.62
   -1.00    -1.00    -1.00    -1.00    -1.00    -1.00    -1.00  2364.29    12.42 18000.45 18000.45 18000.45 18000.30  2364.29 18000.45 18000.45 18000.45 18000.30 18000.45 18000.45 18000.45 18000.30  7633.85 12101.61 18000.45 12101.61 18000.45 18000.45
10337.42 10337.42 10337.42 18005.09 18000.48 18000.48 18000.48  9510.34  9510.34 18005.09 18000.48 18000.48 18000.48  1911.54 18005.09 18000.48 18000.48 18000.48 18005.09 18000.48 18000.48 18000.48 18005.09 18005.09 18005.09  1156.21  1156.21   434.06
18002.50 18002.50   747.43 18002.50 18002.50 18002.50 18002.50 18000.38 18002.50 18000.25 18000.25 18000.24 18000.25 18002.50 18000.38 18000.38 18000.38 18000.38 18002.50 18002.50 18002.50 18002.50  1182.28 18000.25 18000.07 18000.25 18000.07 18000.25
18007.11 18007.11 18007.11 18001.24 18000.80 18000.80 18001.24  4583.79  2485.25 18007.11 18007.11 18007.11 18007.11  4583.79 18007.11 18007.11 18007.11 18007.11 18007.11 18007.11 18007.11 18007.11 18001.24 18001.24 17546.74  7188.63 18001.24 18001.24
  903.12 18000.22 13420.47 18001.94 18002.58    -1.00 18001.94 18000.22 13420.47 18001.94 18002.58    -1.00 18001.94 18000.22 18001.94 18002.58    -1.00 18001.94 18001.94 18002.58    -1.00 18001.94 18002.58    -1.00  1546.29    -1.00 18002.58    -1.00
18000.98  5429.13 12632.68 18000.16 18000.16    -1.00 18001.13 18000.98 18000.98 18000.98 18000.98    -1.00 18001.13 12632.68 18000.16 18000.16    -1.00 18001.13 18000.16 18000.16    -1.00 18001.13  2239.10    -1.00 18001.13    -1.00 18001.13    -1.00
14231.77 14231.77  8117.27    -1.00    -1.00    -1.00 18002.07   170.10 14231.77    -1.00    -1.00    -1.00 18002.07 14231.77    -1.00    -1.00    -1.00 18002.07    -1.00    -1.00    -1.00 18002.07    -1.00    -1.00    -1.00    -1.00    -1.00    -1.00
18001.74  3632.84  7450.96 18001.74    -1.00 18001.74 18000.93 18001.74 18001.74 18000.46    -1.00 18000.46 18001.74  7450.96 18001.74    -1.00 18001.74 18000.93 18001.74    -1.00 18001.74 18000.93    -1.00    67.47 18001.74    -1.00    -1.00 18001.74
 3514.48 10634.77   821.39    -1.00 18004.16 18004.16 18004.16 10634.77  3514.48    -1.00 18004.16 18004.16 18004.16 10634.77    -1.00 18004.16 18004.16 18004.16    -1.00 18004.16 18004.16 18004.16    -1.00    -1.00    -1.00 15412.87 15412.87  5052.44
18001.91 11209.72 18001.91 18001.91 18001.91 18001.91 18000.46 18001.91  7283.19 18000.05 18000.05 18000.05 18001.91 18001.91 18001.91 18001.91 18001.91 18000.46 18000.05 18000.05 18000.05 18001.91  7733.72  7733.72 18001.91  4832.81 18001.91 18001.91
 3796.06  2607.12 18006.29 18006.29 18006.29    -1.00 18006.29  3796.06 18006.29 18006.29 18006.29    -1.00 18006.29 18006.29 18006.29 18006.29    -1.00 18006.29 18000.38 18000.38    -1.00 18000.95 12214.17    -1.00 18000.95    -1.00 18000.95    -1.00
  843.73 18002.49  5588.03 18002.49 18000.02 18000.02 18000.02 18002.49  5588.03 18002.49 18000.02 18000.02 18000.02 18002.49 18000.78 18002.49 18002.49 18002.49 18002.49 18000.02 18000.02 18000.02 18002.49 18002.49 18002.49  3760.67  2243.38  3760.67
   -1.00    -1.00    -1.00    -1.00    -1.00    -1.00    -1.00  5456.77    -1.00 18000.24 18000.24 18001.67 18001.67    -1.00 18000.24 18000.24 18001.67 18001.67    -1.00    -1.00    -1.00    -1.00  3490.67 18001.67 18001.67 18001.67 18001.67 18000.40
