 3438.82 18001.58  6704.69  7062.88  6704.69  6752.74  6704.69 18004.12 18004.12 18000.20 18000.20 18001.58  6704.69  7062.88  6704.69  6752.74  6704.69 18004.12 18004.12 18000.20 18000.20 18001.58 18001.58 18001.58 18001.58 18001.58 18004.12 18004.12 18001.58 18001.58  7062.88  3161.51  6752.74  2569.42 18004.12 18004.12 18000.20 18000.20  7062.88  7062.88  7062.88 18004.12 18004.12 18000.20 18000.20  6752.74  3161.51 18004.12 18004.12 18000.20 18000.20  6752.74 18004.12 18004.12 18000.20 18000.20 18004.12 18004.12 18000.20 18000.20   410.82 18004.12 18004.12 18004.12 18004.12   299.66
18000.64  8444.14 18000.37 18000.37 18000.64 18000.64 18000.64 18006.07 18006.07 18006.07 18006.07 18000.64 18000.64 18000.64 13321.25 13321.25 13321.25 18006.07 18006.07 18006.07 18006.07 18000.37 18000.37 18000.64 18000.64 18000.64 18006.07 18006.07 18006.07 18006.07  1337.46 18000.64 18000.64 18000.64 18006.07 18006.07 18006.07 18006.07 18000.64 18000.64 18000.64 18006.07 18006.07 18006.07 18006.07  5807.98  5807.98 18006.07 18006.07 18006.07 18006.07   199.62 18006.07 18006.07 18006.07 18006.07 18006.07 18006.07 18006.07 18006.07 10455.11  5715.88  3249.68 10455.11 10455.11  5715.88
 5082.65   528.39 18002.28 18002.28  2343.03  1454.37 18002.28 18003.36 18003.36 18003.36 18001.26  5082.65 18002.28 18002.28  5082.65  5082.65 18002.28 18003.36 18003.36 18003.36 18001.26 18002.28 18002.28  2343.03  1454.37 18002.28 18003.36 18003.36 18003.36 18001.26  6661.51 18002.28 18002.28 16511.70 18003.36 18003.36 18003.36 18002.28 18002.28 18002.28 16511.70 18003.36 18003.36 18003.36 18002.28  2343.03 18002.28 18003.36 18003.36 18003.36 18001.26 18002.28 18003.36 18003.36 18003.36 18001.26 18003.36 18003.36 18003.36 18002.28  2430.29  2430.29 18003.36  2334.27 18003.36 18003.36
 8477.81  8477.81  8477.81  8477.81  1985.70  8477.81  8477.81 18006.25 18001.43 18006.25 18001.43  3496.48  4593.21  4593.21  8477.81  4404.66  4593.21 18006.25 18001.43 18006.25 18001.43  4593.21  4593.21  8477.81  4404.66  4593.21 18006.25 18001.43 18006.25 18001.43  2491.35  8477.81  4593.21  3524.35 18006.25 18001.43 18006.25 18001.43  8477.81  4593.21  3524.35 18006.25 18001.43 18006.25 18001.43  8477.81  8477.81 18006.25 18001.43 18006.25 18001.43  4593.21 18006.25 18001.43 18006.25 18001.43 18006.25 18001.43 18006.25 18001.43 18006.25   513.49 18006.25 18006.25  4625.06 18006.25
18003.11 18003.11  3810.41  3810.41 18003.11 18003.11 18003.11 18003.11 18003.11 18000.24 18003.11  9105.50 18003.11 18003.11  9105.50  9105.50  9105.50 18001.35 18001.35 18003.11 18001.35 18003.11 18003.11  3117.42  3298.71  3117.42 18001.35 18001.35 18003.11 18001.35  1767.31 18003.11 18003.11 18003.11 18003.11 18003.11 18000.24 18003.11 18003.11 18003.11 18003.11 18003.11 18003.11 18000.24 18003.11  3298.71  1226.39 18001.35 18001.35 18003.11 18001.35  3298.71 18001.35 18001.35 18003.11 18001.35 18001.35 18001.35 18003.11 18001.35  7162.67 18003.11  1903.51 18003.11  7162.67 18003.11
 2839.43 15644.37 15644.37  2124.61 15644.37 15644.37  2124.61 18000.04 18009.03 18009.03 18000.04 15644.37 15644.37  2839.43 15644.37 15644.37  2839.43 18000.04 18009.03 18009.03 18000.04  8102.99 15644.37 13534.61  8102.99 15644.37 18000.04 18009.03 18009.03 18000.04 15644.37 13534.61  4520.44 15644.37 18000.04 18009.03 18009.03 18000.04 15644.37 15644.37  1511.61 18000.04 18009.03 18009.03 18000.04 13534.61 15644.37 18000.04 18009.03 18009.03 18000.04 15644.37 18000.04 18009.03 18009.03 18000.04 18000.04 18009.03 18009.03 18000.04 18009.03 18009.03  8009.79 15568.74 18009.03 18009.03
18000.29 18001.55   428.08  7681.03  7681.03  1717.03  7681.03 18001.55 18001.55 18001.55 18001.55 18001.55 18000.29 18000.29 18000.29 18000.29 18000.29 18001.55 18001.55 18001.55 18001.55 18001.55 18001.55 18001.55 18001.55 18001.55 18000.92 18000.92 18000.92 18000.92  7681.03  7681.03  1717.03  7681.03 18001.55 18001.55 18001.55 18001.55  4123.64  7681.03  3909.23 18001.55 18001.55 18001.55 18001.55  7681.03  4123.64 18001.55 18001.55 18001.55 18001.55  7681.03 18001.55 18001.55 18001.55 18001.55 18001.55 18001.55 18001.55 18001.55 18000.33 18000.33 18000.33  5885.03 18000.09 18000.09
17973.38 17973.38 17973.38 17973.38 17973.38 14772.42 17973.38 18000.18 18000.18 18000.18 18000.18 11621.07 11621.07 11621.07 11621.07 17973.38  3732.17 18000.18 18000.18 18000.18 18000.18  1523.72  3063.25  3063.25 17973.38 11621.07 18000.18 18000.18 18000.18 18000.18  3063.25  3063.25 17973.38 11621.07 18000.18 18000.18 18000.18 18000.18  1621.60 17973.38 11621.07 18000.18 18000.18 18000.18 18000.18 17973.38 11621.07 18000.18 18000.18 18000.18 18000.18 17973.38 18000.18 18000.18 18000.18 18000.18 18000.18 18000.18 18000.18 18000.18 17027.07 17027.07 17027.07 15728.45  4850.30 15728.45
13769.44 13769.44 13769.44 13769.44 18004.75 18004.75 13769.44 18003.70 18000.94 18003.70 18003.70  3800.82 10136.66  1522.65 18004.75 18004.75  6604.75 18003.70 18000.94 18003.70 18003.70 10136.66  3800.82 18004.75 18004.75  6604.75 18003.70 18000.94 18003.70 18003.70 10136.66 18004.75 18004.75 10136.66 18003.70 18000.94 18003.70 18003.70 18004.75 18004.75  6604.75 18003.70 18000.94 18003.70 18003.70  1256.60 18004.75 18004.75 18004.75 18004.75 18004.75 18004.75 18004.75 18004.75 18004.75 18004.75 18003.70 18000.94 18003.70 18003.70 18003.70  6169.22  8750.94 18003.70 18003.70  8750.94
 3661.01  6256.84 18004.27  6256.84 18004.27 18004.27 18004.27 18004.27 18000.13 18004.27 18004.27  6256.84 18004.27  6256.84 18004.27 18004.27 18004.27 18004.27 18000.13 18004.27 18004.27 18004.27  1364.21 18004.27 18004.27 18004.27 18004.27 18000.13 18004.27 18004.27 18004.27 18000.27 18000.27 18000.27 18001.04 18004.27 18001.04 18001.04 18004.27 18004.27 18004.27 18004.27 18000.13 18004.27 18004.27   198.93  3359.28 18001.04 18004.27 18001.04 18001.04  3359.28 18001.04 18004.27 18001.04 18001.04 18001.04 18004.27 18001.04 18001.04 18004.27  4053.46  4053.46 18004.27 18004.27  3340.77
18000.56 18000.56 18000.56  7045.65 18000.56 18000.56 18000.56 18000.70 18000.70 18000.37 18000.70  6836.82  6836.82 18000.56 18000.12  9563.59  6836.82 18000.70 18000.70 18000.56 18000.70  5482.04 18000.56 18000.12  9563.59  5482.04 18000.70 18000.70 18000.56 18000.70 18000.56 18000.12  9563.59  2838.61 18000.70 18000.70 18000.56 18000.70 18000.56 18000.56 18000.56 18000.70 18000.70 18000.37 18000.70 18000.12 18000.12 18000.70 18000.70 18000.56 18000.70  9563.59 18000.70 18000.70 18000.56 18000.70 18000.70 18000.70 18000.56 18000.70 10783.29 18000.70 10783.29 18000.70  6871.84 18000.70
18001.98 18001.98 18001.98 18001.98 18001.98 18000.85 18001.98 18009.06 18009.06 18009.06 18009.06  7472.33  6117.58  6117.58  6117.58 18001.98  6117.58 18009.06 18009.06 18009.06 18009.06  7472.33  7472.33  7472.33 18001.98  7472.33 18009.06 18009.06 18009.06 18009.06  4732.58  5796.67 18001.98  3386.49 18009.06 18009.06 18009.06 18009.06  5796.67 18001.98  4732.58 18009.06 18009.06 18009.06 18009.06 18001.98  5796.67 18009.06 18009.06 18009.06 18009.06 18001.98 18009.06 18009.06 18009.06 18009.06 18009.06 18009.06 18009.06 18009.06  2683.30  2683.30  5105.58   406.54  5105.58  5105.58
    6.16 18001.34  7122.37  7122.37  7122.37 18001.34  7122.37 18001.34 18001.34 18001.34 18001.34 18001.34  7122.37  7122.37  7122.37 18001.34  7122.37 18001.34 18001.34 18001.34 18001.34 18001.34 18001.34 18001.34  1327.07 18001.34 18000.83 18000.83 18000.83 18000.83  2663.27  2603.59 18001.34  2663.27 18001.34 18001.34 18001.34 18001.34  2663.27 18001.34  2431.26 18001.34 18001.34 18001.34 18001.34 18001.34  2663.27 18001.34 18001.34 18001.34 18001.34 18001.34 18000.83 18000.83 18000.83 18000.83 18001.34 18001.34 18001.34 18001.34  6892.08 17324.38  6657.41 17324.38  6892.08 17324.38
17529.94 17529.94 17529.94  1620.61  4665.10  2998.48  1620.61 18000.69 18000.69 18000.69 18000.69  7471.43  7471.43 17529.94 17529.94 17529.94 17529.94 18000.69 18000.69 18000.69 18000.69  1293.13 17529.94 17529.94 17529.94 17529.94 18000.69 18000.69 18000.69 18000.69 17529.94 17529.94 17529.94 17529.94 18000.69 18000.69 18000.69 18000.69  4665.10  2998.48   493.66 18000.69 18000.69 18000.69 18000.69  4665.10  4665.10 18000.69 18000.69 18000.69 18000.69  2998.48 18000.69 18000.69 18000.69 18000.69 18000.69 18000.69 18000.69 18000.69 13309.01 13309.01 13309.01 11621.61 12963.58 12963.58
10696.59  2159.25 10696.59 18004.83 18004.83  2937.77 18004.83 18001.11 18000.27 18000.27 18000.27 10696.59  2886.72 18004.83 18004.83 10696.59 18004.83 18001.11 18000.27 18000.27 18000.27 10696.59 18004.83 18004.83  2937.77 18004.83 18001.11 18000.27 18000.27 18000.27 18004.83 18004.83 10696.59 18004.83 18001.11 18000.27 18000.27 18000.27  8559.05 18004.83  2631.63 18004.83 18004.83 18004.83 18004.83 18004.83  8559.05 18004.83 18004.83 18004.83 18004.83 18004.83 18001.11 18000.27 18000.27 18000.27 18004.83 18004.83 18004.83 18004.83 18001.11 18001.11 18001.11  2382.94 13175.28 13175.28
 7172.78  7172.78  7172.78 18000.28 15586.99  7172.78  7172.78 18001.09 18001.78 18001.09 18000.41  4574.89  5916.06 18000.28 15586.99  4320.62  1672.55 18001.09 18001.78 18001.09 18000.41  5916.06 18000.28 15586.99  4574.89  4574.89 18001.09 18001.78 18001.09 18000.41 18000.28 15586.99  5916.06  5916.06 18001.09 18001.78 18001.09 18000.41 18000.28 18000.28 18000.28 18001.09 18001.78 18001.09 18000.41 15586.99 15586.99 18001.09 18001.78 18001.09 18000.41  4320.62 18001.09 18001.78 18001.09 18000.41 18001.09 18001.78 18001.09 18000.41 18001.78  5266.24 18001.09 18001.78 18001.78 18001.09
 5566.80  5566.80 12691.09 12691.09 17212.52 12691.09  8244.65 18002.22 18002.22 18002.22 18002.22  1355.61 12691.09 12691.09 17212.52 12691.09  8244.65 18002.22 18002.22 18002.22 18002.22 12691.09 12691.09 17212.52 12691.09  8244.65 18002.22 18002.22 18002.22 18002.22  1729.61 17212.52 10942.69 12691.09 18002.22 18002.22 18002.22 18002.22 17212.52 10942.69 12691.09 18002.22 18002.22 18002.22 18002.22 17212.52 17212.52 18002.22 18002.22 18002.22 18002.22 12691.09 18002.22 18002.22 18002.22 18002.22 18002.22 18002.22 18002.22 18002.22  6629.18 14748.26  6629.18 14748.26  1164.91 14748.26
 7406.69 18002.58  4405.65  7406.69 18000.06  7406.69  7406.69 18003.52 18003.52 18003.52 18002.58 18002.58  7406.69  1961.47 18000.06  2036.10  1961.47 18003.52 18003.52 18003.52 18002.58 18002.58 18002.58 18002.58 18002.58 18002.58 18003.52 18003.52 18003.52 18001.93  7406.69 18000.06  7406.69  7406.69 18003.52 18003.52 18003.52 18002.58 18000.06  2036.10   131.42 18003.52 18003.52 18003.52 18002.58 18000.06 18000.06 18003.52 18003.52 18003.52 18002.58  2036.10 18003.52 18003.52 18003.52 18002.58 18003.52 18003.52 18003.52 18002.58  9419.26   327.18 18003.52  9419.26 18003.52 18003.52
17454.34 18000.02 11465.64  4352.94  4352.94 17454.34  4352.94 18001.23 18001.23 18001.23 18001.23 18000.02 17454.34 17454.34 17454.34  5633.82 17454.34 18001.23 18001.23 18001.23 18001.23 18000.02 18000.02 18000.02 18000.02 18000.02 18001.23 18001.23 18001.23 18001.23 11465.64 11465.64 17454.34 11465.64 18001.23 18001.23 18001.23 18001.23  1246.69 17454.34  1246.69 18001.23 18001.23 18001.23 18001.23 17454.34    69.38 18001.23 18001.23 18001.23 18001.23 17454.34 18001.23 18001.23 18001.23 18001.23 18001.23 18001.23 18001.23 18001.23  7526.48  1725.42 18000.65  7526.48 18000.65 18000.65
 2263.23 18000.95 18000.95 18000.95 18000.95 18001.28  6290.59 18000.95 18000.95 18000.95 18000.95 18000.95 18000.95 18000.95 18000.95 18001.28  6290.59 18000.95 18000.95 18000.95 18000.95  3095.23  5002.10  1784.36 18001.28 18000.95 18000.75 18000.75 18000.75 18000.75  5002.10  3095.23 18001.28 18000.95 18000.75 18000.75 18000.75 18000.75  5002.10 18001.28 18000.95 18000.75 18000.75 18000.75 18000.75 18001.28 18000.95 18000.75 18000.75 18000.75 18000.75 18001.28 18001.28 18001.28 18001.28 18001.28 18000.95 18000.95 18000.95 18000.95  7455.06  1910.50  7455.06  7455.06  4288.54  7455.06
