3 12
4
4
4


 3438.82 18001.58  6704.69  7062.88  6704.69  6752.74  6704.69 18004.12 18004.12 18000.20 18000.20 18001.58  6704.69  7062.88  6704.69  6752.74  6704.69 18004.12 18004.12 18000.20 18000.20 18001.58 18001.58 18001.58 18001.58 18001.58 18004.12 18004.12 18001.58 18001.58  7062.88  3161.51  6752.74  2569.42 18004.12 18004.12 18000.20 18000.20  7062.88  7062.88  7062.88 18004.12 18004.12 18000.20 18000.20  6752.74  3161.51 18004.12 18004.12 18000.20 18000.20  6752.74 18004.12 18004.12 18000.20 18000.20 18004.12 18004.12 18000.20 18000.20   410.82 18004.12 18004.12 18004.12 18004.12   299.66
18000.64  8444.14 18000.37 18000.37 18000.64 18000.64 18000.64 18006.07 18006.07 18006.07    -1.00 18000.64 18000.64 18000.64 13321.25 13321.25 13321.25 18006.07 18006.07 18006.07    -1.00 18000.37 18000.37 18000.64 18000.64 18000.64 18006.07 18006.07 18006.07    -1.00  1337.46 18000.64 18000.64 18000.64 18006.07 18006.07 18006.07    -1.00 18000.64 18000.64 18000.64 18006.07 18006.07 18006.07    -1.00  5807.98  5807.98 18006.07 18006.07 18006.07    -1.00   199.62 18006.07 18006.07 18006.07    -1.00 18006.07 18006.07 18006.07    -1.00 10455.11  5715.88    -1.00 10455.11    -1.00    -1.00
 5082.65   528.39 18002.28 18002.28  2343.03  1454.37 18002.28 18003.36 18003.36 18003.36 18001.26  5082.65 18002.28 18002.28  5082.65  5082.65 18002.28 18003.36 18003.36 18003.36 18001.26 18002.28 18002.28  2343.03  1454.37 18002.28 18003.36 18003.36 18003.36 18001.26  6661.51 18002.28 18002.28 16511.70 18003.36 18003.36 18003.36 18002.28 18002.28 18002.28 16511.70 18003.36 18003.36 18003.36 18002.28  2343.03 18002.28 18003.36 18003.36 18003.36 18001.26 18002.28 18003.36 18003.36 18003.36 18001.26 18003.36 18003.36 18003.36 18002.28  2430.29  2430.29 18003.36  2334.27 18003.36 18003.36
 8477.81  8477.81  8477.81    -1.00  1985.70  8477.81  8477.81 18006.25 18001.43 18006.25 18001.43  3496.48  4593.21    -1.00  8477.81  4404.66  4593.21 18006.25 18001.43 18006.25 18001.43  4593.21    -1.00  8477.81  4404.66  4593.21 18006.25 18001.43 18006.25 18001.43    -1.00  8477.81  4593.21  3524.35 18006.25 18001.43 18006.25 18001.43    -1.00    -1.00    -1.00    -1.00    -1.00    -1.00    -1.00  8477.81  8477.81 18006.25 18001.43 18006.25 18001.43  4593.21 18006.25 18001.43 18006.25 18001.43 18006.25 18001.43 18006.25 18001.43 18006.25   513.49 18006.25 18006.25  4625.06 18006.25
   -1.00 18003.11  3810.41  3810.41 18003.11 18003.11 18003.11 18003.11 18003.11 18000.24 18003.11    -1.00    -1.00    -1.00    -1.00    -1.00    -1.00    -1.00    -1.00    -1.00    -1.00 18003.11 18003.11  3117.42  3298.71  3117.42 18001.35 18001.35 18003.11 18001.35  1767.31 18003.11 18003.11 18003.11 18003.11 18003.11 18000.24 18003.11 18003.11 18003.11 18003.11 18003.11 18003.11 18000.24 18003.11  3298.71  1226.39 18001.35 18001.35 18003.11 18001.35  3298.71 18001.35 18001.35 18003.11 18001.35 18001.35 18001.35 18003.11 18001.35  7162.67 18003.11  1903.51 18003.11  7162.67 18003.11
   -1.00    -1.00    -1.00    -1.00    -1.00    -1.00    -1.00    -1.00    -1.00    -1.00    -1.00 15644.37 15644.37  2839.43 15644.37 15644.37  2839.43    -1.00 18009.03 18009.03 18000.04  8102.99 15644.37 13534.61  8102.99 15644.37    -1.00 18009.03 18009.03 18000.04 15644.37 13534.61  4520.44 15644.37    -1.00 18009.03 18009.03 18000.04 15644.37 15644.37  1511.61    -1.00 18009.03 18009.03 18000.04 13534.61 15644.37    -1.00 18009.03 18009.03 18000.04 15644.37    -1.00 18009.03 18009.03 18000.04    -1.00 18009.03 18009.03 18000.04    -1.00    -1.00    -1.00 15568.74 18009.03 18009.03
18000.29 18001.55   428.08  7681.03  7681.03  1717.03  7681.03 18001.55 18001.55 18001.55 18001.55 18001.55 18000.29 18000.29 18000.29 18000.29 18000.29 18001.55 18001.55 18001.55 18001.55 18001.55 18001.55 18001.55 18001.55 18001.55 18000.92 18000.92 18000.92 18000.92  7681.03  7681.03  1717.03  7681.03 18001.55 18001.55 18001.55 18001.55  4123.64  7681.03  3909.23 18001.55 18001.55 18001.55 18001.55  7681.03  4123.64 18001.55 18001.55 18001.55 18001.55  7681.03 18001.55 18001.55 18001.55 18001.55 18001.55 18001.55 18001.55 18001.55 18000.33 18000.33 18000.33  5885.03 18000.09 18000.09
17973.38 17973.38 17973.38 17973.38 17973.38 14772.42 17973.38 18000.18 18000.18 18000.18 18000.18 11621.07 11621.07 11621.07 11621.07 17973.38  3732.17 18000.18 18000.18 18000.18 18000.18  1523.72  3063.25  3063.25 17973.38 11621.07 18000.18 18000.18 18000.18 18000.18  3063.25  3063.25 17973.38 11621.07 18000.18 18000.18 18000.18 18000.18  1621.60 17973.38 11621.07 18000.18 18000.18 18000.18 18000.18 17973.38 11621.07 18000.18 18000.18 18000.18 18000.18 17973.38 18000.18 18000.18 18000.18 18000.18 18000.18 18000.18 18000.18 18000.18 17027.07 17027.07 17027.07 15728.45  4850.30 15728.45
13769.44 13769.44 13769.44 13769.44 18004.75 18004.75    -1.00 18003.70 18000.94 18003.70 18003.70  3800.82 10136.66  1522.65 18004.75 18004.75    -1.00 18003.70 18000.94 18003.70 18003.70 10136.66  3800.82 18004.75 18004.75    -1.00 18003.70 18000.94 18003.70 18003.70 10136.66 18004.75 18004.75    -1.00 18003.70 18000.94 18003.70 18003.70 18004.75 18004.75    -1.00 18003.70 18000.94 18003.70 18003.70  1256.60    -1.00 18004.75 18004.75 18004.75 18004.75    -1.00 18004.75 18004.75 18004.75 18004.75    -1.00    -1.00    -1.00    -1.00 18003.70  6169.22  8750.94 18003.70 18003.70  8750.94
   -1.00  6256.84 18004.27  6256.84 18004.27 18004.27    -1.00    -1.00 18000.13 18004.27 18004.27    -1.00    -1.00    -1.00    -1.00    -1.00    -1.00    -1.00    -1.00    -1.00    -1.00 18004.27  1364.21 18004.27 18004.27    -1.00    -1.00 18000.13 18004.27 18004.27 18004.27 18000.27 18000.27    -1.00    -1.00 18004.27 18001.04 18001.04 18004.27 18004.27    -1.00    -1.00 18000.13 18004.27 18004.27   198.93    -1.00    -1.00 18004.27 18001.04 18001.04    -1.00    -1.00 18004.27 18001.04 18001.04    -1.00    -1.00    -1.00    -1.00    -1.00    -1.00    -1.00 18004.27 18004.27  3340.77
18000.56    -1.00 18000.56  7045.65 18000.56 18000.56 18000.56 18000.70 18000.70 18000.37    -1.00    -1.00  6836.82 18000.56 18000.12  9563.59  6836.82 18000.70 18000.70 18000.56    -1.00    -1.00    -1.00    -1.00    -1.00    -1.00    -1.00    -1.00    -1.00    -1.00 18000.56 18000.12  9563.59  2838.61 18000.70 18000.70 18000.56    -1.00 18000.56 18000.56 18000.56 18000.70 18000.70 18000.37    -1.00 18000.12 18000.12 18000.70 18000.70 18000.56    -1.00  9563.59 18000.70 18000.70 18000.56    -1.00 18000.70 18000.70 18000.56    -1.00 10783.29 18000.70    -1.00 18000.70    -1.00    -1.00
18001.98 18001.98 18001.98 18001.98 18001.98 18000.85 18001.98 18009.06 18009.06    -1.00 18009.06  7472.33  6117.58  6117.58  6117.58 18001.98  6117.58 18009.06 18009.06    -1.00 18009.06  7472.33  7472.33  7472.33 18001.98  7472.33 18009.06 18009.06    -1.00 18009.06  4732.58  5796.67 18001.98  3386.49 18009.06 18009.06    -1.00 18009.06  5796.67 18001.98  4732.58 18009.06 18009.06    -1.00 18009.06 18001.98  5796.67 18009.06 18009.06    -1.00 18009.06 18001.98 18009.06 18009.06    -1.00 18009.06 18009.06 18009.06    -1.00 18009.06  2683.30    -1.00  5105.58    -1.00  5105.58    -1.00
    6.16 18001.34  7122.37  7122.37  7122.37 18001.34  7122.37    -1.00 18001.34 18001.34 18001.34 18001.34  7122.37  7122.37  7122.37 18001.34  7122.37    -1.00 18001.34 18001.34 18001.34 18001.34 18001.34 18001.34  1327.07 18001.34    -1.00 18000.83 18000.83 18000.83  2663.27  2603.59 18001.34  2663.27    -1.00 18001.34 18001.34 18001.34  2663.27 18001.34  2431.26    -1.00 18001.34 18001.34 18001.34 18001.34  2663.27    -1.00 18001.34 18001.34 18001.34 18001.34    -1.00 18000.83 18000.83 18000.83    -1.00 18001.34 18001.34 18001.34    -1.00    -1.00    -1.00 17324.38  6892.08 17324.38
   -1.00    -1.00    -1.00    -1.00    -1.00    -1.00    -1.00    -1.00    -1.00    -1.00    -1.00  7471.43  7471.43 17529.94 17529.94 17529.94 17529.94    -1.00 18000.69 18000.69 18000.69  1293.13 17529.94 17529.94 17529.94 17529.94    -1.00 18000.69 18000.69 18000.69 17529.94 17529.94 17529.94 17529.94    -1.00 18000.69 18000.69 18000.69  4665.10  2998.48   493.66    -1.00 18000.69 18000.69 18000.69  4665.10  4665.10    -1.00 18000.69 18000.69 18000.69  2998.48    -1.00 18000.69 18000.69 18000.69    -1.00 18000.69 18000.69 18000.69    -1.00    -1.00    -1.00 11621.61 12963.58 12963.58
10696.59  2159.25 10696.59 18004.83 18004.83  2937.77 18004.83 18001.11 18000.27 18000.27 18000.27 10696.59  2886.72 18004.83 18004.83 10696.59 18004.83 18001.11 18000.27 18000.27 18000.27 10696.59 18004.83 18004.83  2937.77 18004.83 18001.11 18000.27 18000.27 18000.27 18004.83 18004.83 10696.59 18004.83 18001.11 18000.27 18000.27 18000.27  8559.05 18004.83  2631.63 18004.83 18004.83 18004.83 18004.83 18004.83  8559.05 18004.83 18004.83 18004.83 18004.83 18004.83 18001.11 18000.27 18000.27 18000.27 18004.83 18004.83 18004.83 18004.83 18001.11 18001.11 18001.11  2382.94 13175.28 13175.28
 7172.78  7172.78    -1.00    -1.00 15586.99  7172.78  7172.78 18001.09 18001.78 18001.09 18000.41  4574.89    -1.00    -1.00 15586.99  4320.62  1672.55 18001.09 18001.78 18001.09 18000.41    -1.00    -1.00 15586.99  4574.89  4574.89 18001.09 18001.78 18001.09 18000.41    -1.00    -1.00    -1.00    -1.00    -1.00    -1.00    -1.00    -1.00    -1.00    -1.00    -1.00    -1.00    -1.00    -1.00    -1.00 15586.99 15586.99 18001.09 18001.78 18001.09 18000.41  4320.62 18001.09 18001.78 18001.09 18000.41 18001.09 18001.78 18001.09 18000.41 18001.78  5266.24 18001.09 18001.78 18001.78 18001.09
   -1.00    -1.00    -1.00    -1.00    -1.00    -1.00    -1.00    -1.00    -1.00    -1.00    -1.00  1355.61 12691.09 12691.09 17212.52 12691.09  8244.65 18002.22 18002.22 18002.22 18002.22 12691.09 12691.09 17212.52 12691.09  8244.65 18002.22 18002.22 18002.22 18002.22  1729.61 17212.52 10942.69 12691.09 18002.22 18002.22 18002.22 18002.22 17212.52 10942.69 12691.09 18002.22 18002.22 18002.22 18002.22 17212.52 17212.52 18002.22 18002.22 18002.22 18002.22 12691.09 18002.22 18002.22 18002.22 18002.22 18002.22 18002.22 18002.22 18002.22  6629.18 14748.26  6629.18 14748.26  1164.91 14748.26
   -1.00    -1.00    -1.00    -1.00    -1.00    -1.00    -1.00    -1.00    -1.00    -1.00    -1.00 18002.58  7406.69  1961.47 18000.06  2036.10  1961.47 18003.52 18003.52    -1.00    -1.00 18002.58 18002.58 18002.58 18002.58 18002.58 18003.52 18003.52    -1.00    -1.00  7406.69 18000.06  7406.69  7406.69 18003.52 18003.52    -1.00    -1.00 18000.06  2036.10   131.42 18003.52 18003.52    -1.00    -1.00 18000.06 18000.06 18003.52 18003.52    -1.00    -1.00  2036.10 18003.52 18003.52    -1.00    -1.00 18003.52 18003.52    -1.00    -1.00  9419.26    -1.00    -1.00    -1.00    -1.00    -1.00
17454.34 18000.02 11465.64  4352.94  4352.94    -1.00    -1.00 18001.23 18001.23 18001.23 18001.23 18000.02 17454.34 17454.34 17454.34    -1.00    -1.00 18001.23 18001.23 18001.23 18001.23 18000.02 18000.02 18000.02    -1.00    -1.00 18001.23 18001.23 18001.23 18001.23 11465.64 11465.64    -1.00    -1.00 18001.23 18001.23 18001.23 18001.23  1246.69    -1.00    -1.00 18001.23 18001.23 18001.23 18001.23    -1.00    -1.00 18001.23 18001.23 18001.23 18001.23    -1.00    -1.00    -1.00    -1.00    -1.00    -1.00    -1.00    -1.00    -1.00  7526.48  1725.42 18000.65  7526.48 18000.65 18000.65
 2263.23 18000.95 18000.95 18000.95 18000.95 18001.28  6290.59    -1.00 18000.95 18000.95 18000.95 18000.95 18000.95 18000.95 18000.95 18001.28  6290.59    -1.00 18000.95 18000.95 18000.95  3095.23  5002.10  1784.36 18001.28 18000.95    -1.00 18000.75 18000.75 18000.75  5002.10  3095.23 18001.28 18000.95    -1.00 18000.75 18000.75 18000.75  5002.10 18001.28 18000.95    -1.00 18000.75 18000.75 18000.75 18001.28 18000.95    -1.00 18000.75 18000.75 18000.75 18001.28    -1.00 18001.28 18001.28 18001.28    -1.00 18000.95 18000.95 18000.95    -1.00    -1.00    -1.00  7455.06  4288.54  7455.06
