 4332.01 18000.20 18000.20 18001.62 18001.62 18001.62 18001.62 18001.62 18001.62 18000.20 18001.62 18000.20 18000.20 18001.62 18001.62 18001.62 18001.62 18001.62 18001.62 18000.20 18001.62   993.15 18001.62 18001.62 18001.62 18001.62 18001.62 18001.62 18000.19 18001.62 18001.62 18001.62 18001.62 18001.62 18001.62 18001.62 18000.19 18001.62  2872.86 16198.67 16198.67 16198.67 16198.67 18001.62 16198.67 16198.67 16198.67 16198.67 16198.67 18001.62 16198.67  5741.67  8826.52  8826.52 18001.62  5741.67  8826.52  8826.52 18001.62  3888.93  7701.63 18001.62  8826.52 18001.62  8826.52 18001.62
 5774.14 18002.65  4353.51 18000.54 18000.54 18002.65 18000.54 18002.65 18000.54 18002.65 18002.65 18002.65  5774.14 18000.54 18000.54 18002.65 18000.54 18002.65 18000.54 18002.65 18002.65 18002.65 18002.65 18002.65 18001.17 18002.65 18001.17 18002.65 18001.17 18000.78 18000.54 18000.54 18002.65 18000.54 18002.65 18000.54 18002.65 18002.65  1679.47 18002.65  1703.85 18002.65  9328.96 18002.65 18002.65 18002.65  1703.85 18002.65  9328.96 18002.65 18002.65 18002.65  8598.58 18002.65  3813.70 18001.17 18002.65  9328.96 18002.65 18002.65 18002.65  8598.58 18001.17 18002.65 18002.65 18001.17
11258.42  2975.00  2975.00 18000.67 18001.78 18000.67 18000.67 18000.67 18000.67 18000.67 18000.67 11258.42 11258.42 18000.67 18001.78 18000.67 18000.67 18000.67 18000.67 18000.67 18000.67   902.78 18000.67 18001.78 18000.67 18000.67 18000.67 18000.67 18000.67 18000.67 18000.67 18001.78 18000.67 18000.67 18000.67 18000.67 18000.67 18000.67 18001.78 16972.93 16972.93 10662.00 16972.93 10662.00 16972.93 18001.78 18001.78 18001.78 18001.78 18001.78 18001.78  9518.20 16972.93  9518.20 16972.93  9518.20 16972.93  8257.79 16972.93  8257.79 16972.93  2440.15 16972.93 16972.93  4112.88 16972.93
 4604.80  5767.68  4604.80 18002.09 18002.09 18002.09 18002.09 18001.01 18002.09 18002.09 18001.01  5767.68  4204.65 18002.09 18002.09 18002.09 18002.09 18001.01 18002.09 18002.09 18001.01  5767.68 18002.09 18002.09 18002.09 18002.09 18001.01 18002.09 18002.09 18001.01 18002.09 18002.09 18002.09 18002.09 18001.01 18002.09 18002.09 18001.01 18001.65 18001.65 18001.65 18002.09  4008.45 18001.65 18002.09 16779.60  4276.00 18002.09 18001.65 16779.60 18002.09 16779.60 18002.09 18001.65  6793.44 18002.09 18002.09 18001.65 16779.60 18002.09 18002.09 18002.09  1019.88 18001.65 18002.09 18002.09
16130.28 10276.24 16130.28 18000.67 18000.67 18000.52 18000.52 18000.52 18000.52 18000.52 18000.52 16130.28  3474.54 18000.67 18000.67 18000.52 18000.52 18000.52 18000.52 18000.52 18000.52 16130.28 18000.67 18000.67 18000.52 18000.52 18000.52 18000.52 18000.52 18000.52 18000.67 18000.67 18000.52 18000.52 18000.52 18000.52 18000.52 18000.52  4060.43 18000.67 18000.67 18000.67 18000.67 18000.67 18000.67 18000.67 18000.67 18000.67 18000.67 18000.67 18000.67 10547.05 10547.05 10547.05 10547.05  4140.21 10532.72 10532.72 10532.72 10547.05  5797.55  2093.36 10547.05  5797.55 10547.05 10547.05
18001.09 18002.17 18002.17 18002.17 18002.17 18001.09 18001.09 18002.17 18002.17 18002.17 18002.17 18002.17 18002.17 18002.17 18002.17 18000.01 18000.01 18002.17 18002.17 18002.17 18002.17  5749.10 18001.08 18001.08 18002.17 18002.17 18001.08 18001.08 18001.08 18001.08 18001.08 18001.08 18002.17 18002.17 18001.08 18001.08 18001.08 18001.08 14391.27 18002.17 18002.17 14391.27 14391.27 16702.51 16702.51 18002.17 18002.17 14180.05 14180.05 16702.51 16702.51  7076.63 18002.17 18002.17 18002.17 18002.17 18002.17 18002.17 18002.17 18002.17  1708.50 16702.51 16702.51 16702.51 16702.51  3567.07
18000.16 18000.70   305.63 18002.83 18002.83 18002.83 18002.83 18008.24 18002.83 18008.24 18002.83 18000.70 18000.16 18002.83 18002.83 18002.83 18002.83 18008.24 18002.83 18008.24 18002.83 18000.70 18002.83 18002.83 18002.83 18002.83 18008.24 18002.83 18008.24 18002.83 18002.83 18002.83 18002.83 18002.83 18008.24 18002.83 18008.24 18002.83 15143.53 15143.53 15143.53 18008.24 13851.90 18008.24 13851.90 11145.06 11145.06 18008.24 15143.53 18008.24 15143.53  6605.32 18008.24 15143.53 18008.24 15143.53 18008.24 15143.53 18008.24 15143.53 18008.24  6140.09 18008.24 18008.24   733.35 18008.24
 6726.28  6726.28  6726.28 18000.17 18000.65 18000.17 18000.17 18000.65 18000.65 18000.17 18000.17  6590.57  6590.57 18000.17 18000.65 18000.17 18000.17 18000.65 18000.65 18000.17 18000.17  4696.50 18000.17 18000.65 18000.17 18000.17 18000.65 18000.65 18000.17 18000.17 18000.17 18000.65 18000.17 18000.17 18000.65 18000.65 18000.17 18000.17 18000.65  2444.74  2037.03 18000.65 18000.65  4899.93  4899.93 18000.65 18000.65  7561.95  8050.47 18000.65 18000.65  2444.74 18000.65 18000.65  4899.93  4899.93 18000.65 18000.65  4899.93  4899.93  8050.47 18000.65 18000.65 18000.65 18000.65   592.49
18000.73 18000.66 18000.73 18000.37 18000.37 18000.37 18000.37 18000.37 18000.37 18000.37 18000.37 18000.73  5736.32 18000.73 18000.73 18000.73 18000.73 18000.73 18000.73 18000.73 18000.73 18000.73 18000.66 18000.66 18000.66 18000.66 18000.66 18000.66 18000.66 18000.66 18000.73 18000.73 18000.73 18000.73 18000.73 18000.73 18000.73 18000.73  5830.35 13335.48  5830.35  9049.13  8528.28  9049.13  9049.13 13335.48   678.46  9049.13  8528.28  9049.13  9049.13 13335.48 13335.48 13335.48 13335.48 13335.48  9049.13  8528.28  9049.13  9049.13  9049.13  4035.10  4035.10  9049.13  9049.13  2385.42
18002.12 18002.12 18002.12 18002.12 18002.12 18000.02 18002.12 18002.12 18002.12 18002.12 18000.02   930.89  2180.98 18000.60 18000.60 18002.12 18000.60 18000.60 18000.67 18000.60 18002.12  2180.98 18000.60 18000.60 18002.12 18000.60 18000.60 18000.67 18000.60 18002.12 18000.60 18000.60 18002.12 18000.60 18000.60 18000.67 18000.60 18002.12 14004.60 18002.12  9912.81 14004.60 18000.67  4207.88 18002.12 18002.12 14004.60 12432.79 18000.67 14004.60 18002.12 18002.12 18002.12 18002.12 18002.12  6425.42 14004.60 18000.67  9912.81 18002.12 18000.67 14004.60 18002.12 18000.67 18002.12 18002.12
