12000.86 12000.86 12000.86 12000.86 12002.13 12000.86 12004.99 12002.13 12004.99  6103.82  1472.50  2365.83 12002.13 12000.11 12004.99 12002.13 12004.99  6103.82  6103.82 12002.13 12000.11 12004.99 12002.13 12004.99  2365.83 12002.13 12000.11 12004.99 12002.13 12004.99 12002.13 12000.11 12004.99 12002.13 12004.99 12002.13 12004.99 10603.62 12004.99 12004.99 12002.13 12004.99 12004.99  1130.37 12004.99
 2684.80 12000.33  6976.24  2684.80 12002.14 12002.14 12002.14 12002.34 12002.14 12000.33  6976.24  1031.88 12002.14 12002.14 12002.14 12002.34 12002.14 12000.33 12000.33 12002.14 12002.14 12002.14 12002.34 12002.14  6976.24 12002.14 12002.14 12002.14 12002.34 12002.14 12002.14 12002.14 12002.14 12002.34 12002.14  4422.88  3288.66 12002.34  9042.92  4422.88 12002.34  9042.92 12002.34  9042.92 12002.34
  651.16  2946.90 12002.85 12002.85 12002.85 12002.85 12002.85 12002.85 12002.85  2946.90 12002.85 12002.85 12002.85 12002.85 12002.85 12002.85 12002.85 12002.85 12002.85 12002.85 12002.85 12002.85 12002.85 12002.85 12001.26 12000.22 12001.28 12000.22 12000.22 12000.22 12001.26 12001.28 12001.26 12001.26 12001.26 12001.28  3325.10  9156.48  2498.50 12001.28 12001.28 12001.28  9156.48  3325.10  9156.48
12001.02  5308.56  5308.56  5308.56 12000.16 12000.16 12001.02 12004.30 12000.16 12001.02 12001.02 12001.02 12001.02 12001.02 12000.26 12004.30 12001.02   212.40  2406.71 12000.16 12000.16 12001.02 12004.30 12000.16  2406.71 12000.16 12000.16 12001.02 12004.30 12000.16 12000.16 12000.16 12001.02 12004.30 12000.16 11680.45 12001.02 12004.30 11680.45 12001.02 12004.30  6437.72 12004.30 12001.02 12004.30
12000.66 12000.66 12000.66 12000.66 12002.82 12002.82 12000.05 12002.82 12002.82  4322.27 12000.07  5044.33 12002.82 12002.82 12000.66 12002.82 12002.82 12000.07  5044.33 12002.82 12002.82 12000.66 12002.82 12002.82 12000.07 12002.82 12002.82 12000.66 12002.82 12002.82 12002.82 12002.82 12000.66 12002.82 12002.82  7019.13 12002.82  2549.16  7019.13 12002.82  7019.13  1208.53 12002.82 12002.82  7019.13
12000.92 12000.92  1446.26 12000.92 12003.64 12000.92 12000.92 12000.92 12000.92  8773.12 12000.92  8773.12 12003.64 12000.15 12000.15 12000.15 12000.15 12000.92  2728.04 12003.64 12000.15 12000.15 12000.15 12000.15 12000.92 12003.64 12000.92 12000.92 12000.92 12000.92 12003.64 12000.15 12000.15 12000.15 12000.15 12003.64 12003.64 12003.64 12003.64  9403.80  3537.88  9403.80  9403.80  5156.63  9403.80
12000.68   328.27 12000.68 12000.68 12003.95 12000.26 12000.26 12000.26 12003.95 12000.68  7002.48  2895.49 12003.95 12000.68 12000.68 12000.68 12003.95 12000.68 12000.68 12003.95 12000.26 12000.26 12000.26 12003.95  7002.48 12003.95 12000.68 12000.68 12000.68 12003.95 12003.95 12000.68 12000.68 12000.68 12003.95 12003.95 12003.95 12003.95   573.54 11346.89  1014.59 12003.95 11346.89 12003.95 12003.95
 3129.15 11481.11 11481.11   818.48 12001.00 12000.56 12001.00 12001.00 12000.56 11481.11 11481.11  3129.15 12001.00 12000.56 12001.00 12001.00 12000.56  2185.53 11481.11 12001.00 12000.56 12001.00 12001.00 12000.56 11481.11 12001.00 12000.56 12001.00 12001.00 12000.56 12001.00 12000.56 12001.00 12001.00 12000.56 12001.00 10785.70  2405.86 12001.00 12001.00 12001.00   622.91 10785.70 12001.00 12001.00
 3839.65  3754.62  3839.65  8144.81 12000.64 12000.64 12001.64 12001.64 12000.64  3839.65  3804.93  8144.81 12000.64 12000.64 12001.64 12001.64 12000.64  3839.65  8144.81 12000.64 12000.64 12001.64 12001.64 12000.64  8144.81 12000.64 12000.64 12001.64 12001.64 12000.64 12000.64 12000.64 12001.64 12001.64 12000.64   288.65 12001.64 12001.64  1323.06 12001.64 12001.64  1323.06  9021.37 12001.64 12001.64
12002.41   622.63    66.47 12002.41 12002.41 12002.41 12002.41 12002.41 12002.41 12002.41 12002.41  9342.60 12000.94 12000.68 12000.94 12000.68 12000.94   622.63 12002.41 12002.41 12002.41 12002.41 12002.41 12002.41 12002.41 12002.41 12002.41 12002.41 12002.41 12002.41 12000.94 12000.68 12000.94 12000.68 12000.94 12000.94  9342.37 12000.94  4148.22 12000.94 12000.11 12000.94 12000.94  9342.37 12000.94
 7707.23  7707.23  3934.45  3934.45 12002.94 12000.08 12000.08 12000.08 12000.08  2183.38  7707.23  7707.23 12002.94 12000.08 12000.08 12000.08 12000.08  7707.23  7707.23 12002.94 12000.08 12000.08 12000.08 12000.08  3191.09 12002.94 12000.08 12000.08 12000.08 12000.08 12002.94 12000.08 12000.08 12000.08 12000.08 12002.94 12002.94 12002.94 12002.94  8791.62  6055.23  8791.62  8791.62   897.58  8791.62
  128.91  2155.20 12000.77  1417.37 12001.54 12001.54 12001.54 12000.77 12001.70  2155.20 12000.77  1417.37 12001.54 12001.54 12001.54 12000.77 12001.70 12000.77  2155.20 12001.54 12001.54 12001.54 12000.77 12001.70 12000.77 12001.54 12001.54 12001.54 12000.53 12001.70 12001.54 12001.54 12001.54 12000.77 12001.70  6803.89  5621.72 12001.54 12001.70  6803.89 12001.54 12001.70 12001.54 12001.70 12001.70
12002.53  5390.83  2983.36 10827.07 12000.29 12000.29 12000.29 12000.29 12002.53 12002.53 12002.53 12002.53 12002.53 12002.53 12002.53 12002.53 12001.29  5390.83 10827.07 12000.29 12000.29 12000.29 12000.29 12002.53 10827.07 12000.29 12000.29 12000.29 12000.29 12002.53 12000.29 12000.29 12000.29 12000.29 12002.53   867.01  6110.77  8494.11 12002.53  6110.77  8494.11 12002.53  8494.11 12002.53 12002.53
12004.98 12004.98 12000.54 12004.98 12000.29 12000.29 12000.29 12000.29 12004.98 12001.65 12004.98 12001.65 12004.98 12004.98 12004.98 12004.98 12000.72 12004.98  1823.36 12004.98 12004.98 12004.98 12004.98 12001.65 12004.98 12000.54 12000.54 12000.54 12000.54 12004.98 12004.98 12004.98 12004.98 12004.98 12001.65  8693.29  7156.51 11592.84 12004.98  8693.29 11592.84 12004.98 11592.84 12004.98 12004.98
 5824.62   429.23 12003.54 12003.54 12003.54 12001.59 12003.54 12003.54 12003.54  5824.62 12003.54 12003.54 12003.54 12001.59 12003.54 12003.54 12003.54 12003.54 12003.54 12003.54 12001.59 12003.54 12003.54 12003.54  5544.91 12001.85 12003.54 12001.85 12001.85 12001.85 12001.85 12003.54 12001.85 12001.85 12001.85 12003.54   308.90  4072.06  4072.06 12003.54 12003.54 12003.54  4072.06  4072.06   914.47
12002.78  7063.55 12002.78  1836.28 12002.78 12002.78 12002.78 12002.78 12002.78 12002.78 12001.42 12002.78 12000.45 12000.45 12000.45 12000.45 12000.45 12002.78  7063.55 12002.78 12002.78 12002.78 12002.78 12002.78 12002.78 12001.42 12001.42 12001.42 12001.42 12001.42 12002.78 12002.78 12002.78 12002.78 12002.78  3235.96  7536.96 10868.18 12000.37  7536.96 10868.18 12000.37 10868.18 12000.37 12000.37
12002.03 12002.03 12002.03 12000.37 12002.03 12001.66 12001.66 12001.66 12001.66  2779.00  2779.00 12002.03 12000.77 12002.03 12002.03 12002.03 12002.03  2450.92 12002.03 12000.77 12002.03 12002.03 12002.03 12002.03 12002.03 12000.77 12002.03 12002.03 12002.03 12002.03 12002.03 12001.66 12001.66 12001.66 12001.66 12002.03 12002.03 12002.03 12002.03  1627.89 11512.72  3039.29 11512.72  3039.29 11512.72
12002.51  7246.71 12001.95  3178.88 12000.45 12000.45 12000.45 12000.45 12000.45 12002.51 12002.51 12002.51 12002.51 12002.51 12002.51 12002.51 12002.51 12001.95  7246.71 12000.45 12000.45 12000.45 12000.45 12000.45 12001.95 12001.95 12001.95 12001.95 12001.95 12001.95 12000.45 12000.45 12000.45 12000.45 12000.45  7113.05  7113.05  7113.05  7113.05  2281.11  1729.91  1729.91  2281.11  2281.11  1128.68
 4838.92 12002.84 12002.84 12002.84 12002.84 12000.74 12002.84 12002.84 12000.74 12002.84 12002.84 12002.84 12002.84 12000.74 12002.84 12002.84 12000.74 12000.01 12000.01 12000.24 12002.84 12000.24 12000.24 12002.84  5798.77 12000.24 12002.84 12000.24 12000.24 12002.84 12000.24 12002.84 12000.24 12000.24 12002.84 12002.84  8127.30  8127.30 12002.84 12002.84 12002.84  7456.82  1639.00 12002.84 12002.84
12001.21 12001.21  4641.20 12001.21 12003.24 12001.21 12003.24 12003.24 12003.24 12000.14 12001.21  8568.30 12003.24 12001.16 12003.24 12003.24 12003.24 12001.21 12000.14 12003.24 12001.16 12003.24 12003.24 12003.24 12001.21 12003.24 12001.21 12003.24 12003.24 12003.24 12003.24 12001.16 12003.24 12003.24 12003.24 12003.24  4770.80 12000.17 12000.17 12003.24 12003.24 12003.24 12000.17 12000.17  4716.09
