10209.17  1041.15 16001.91 16001.91 16000.90 16001.91 16000.90 10209.17 16001.91 16001.91 16000.90 16001.91 16000.90 16001.91 16001.91 16000.90 16001.91 16000.90 16000.10 16001.91 16000.10 16001.91 16001.91  4975.54 16001.91 16001.91  5055.24 16001.91
16000.51 16000.51  1726.62 16000.37 16000.37 16000.49 16002.13 13712.36 16000.51 16000.51 16000.51 16000.51 16002.13 16000.51 16000.51 16000.51 16000.51 16002.13 16000.37 16000.37 16000.49 16002.13    52.20 16000.49 16002.13 16000.49 16002.13 16002.13
16000.62 16000.62  6345.62 16001.76 16000.17 16000.17 16000.17  6067.23 16000.62 16001.76 16000.62 16000.62 16000.62 16000.62 16001.76 16000.62 16000.62 16000.62 16001.76 16000.17 16000.17 16000.17 16001.76 16001.76 16001.76  7955.77  5414.29  7955.77
16002.21  1862.82 14126.40 16002.21 16002.21 16002.21 16002.21 16002.21 16002.21 16001.26 16001.26 16001.26 16001.26 14126.40 16002.21 16002.21 16002.21 16002.21 16002.21 16002.21 16002.21 16002.21 16000.12 14795.02 16000.12 16000.12  1488.13 16000.12
  754.12 16007.13  4578.58 16000.86 16000.86 16000.86 16000.86 16007.13  4578.58 16000.86 16000.86 16000.86 16000.86 16007.13 16007.13 16007.13 16007.13 16007.13 16000.86 16000.86 16000.86 16000.86  6784.09  6784.09  6784.09  6203.98  6203.98  1964.00
 9303.42  1439.10 16004.42 16004.42 16004.42 16004.42 16004.42  9303.42 16004.42 16004.42 16004.42 16004.42 16004.42 16004.42 16004.42 16004.42 16004.42 16004.42 16000.02 16000.01 16000.01 16000.02 16000.02 16000.02  8662.62  3834.03 16000.02 16000.02
16005.93  8818.86  5251.84 16000.40 16000.40 16000.40 16000.40 16005.93 16005.93 16005.93 16005.93 16005.93 16005.93  8818.86 16000.40 16000.40 16000.40 16000.40 16000.40 16000.40 16000.40 16000.40  1489.60 11737.99   237.89 11737.99  1489.60 11737.99
 5196.75  5196.75  5196.75 16001.04 16001.04 16001.04 16001.04  2861.07  2861.07 16001.04 16001.04 16001.04 16001.04  1876.22 16001.04 16001.04 16001.04 16001.04 16001.04 16001.04 16001.04 16001.04 10620.15 10620.15 10620.15  5994.12  1313.13  5994.12
 1369.60  1369.60  4127.54 16002.63 16000.64 16002.63 16002.63   282.12  4127.54 16002.63 16000.64 16002.63 16002.63  4127.54 16002.63 16000.64 16002.63 16002.63 16002.63 16000.64 16002.63 16002.63 16002.63 11105.67 11105.67 16002.63 16002.63  3910.90
 7463.52 16000.11  2996.97 16000.15 16004.08 16000.15 16004.08 16000.11  7463.52 16000.15 16004.08 16000.15 16004.08 16000.11 16000.15 16004.08 16000.15 16004.08 16000.15 16004.08 16000.15 16004.08 16004.08  3090.90 16004.08 16004.08  9359.79 16004.08
